data/alt.asc
NCOLS 103 
NROWS 33 
XLLCORNER -84.333328344 
YLLCORNER 33.833338227 
CELLSIZE 0.0833333376796116 
NODATA_value -3.4e+38 
534.000000000000000 474 440 451 477 607 561 447 422 452 448 479 522 482 455 471 480 486 462 424 438 402 451 511 505 503 514 570 866 975 874 1072 1129 963 901 835 847 826 850 810 831 613 504 393 367 411 425 365 341 336 314 281 274 263 221 195 182 176 180 153 148 138 157 151 133 142 147 129 118 108 103 101 98 89 83 78 79 76 86 76 53 38 34 27 23 20 16 25 15 14 22 26 21 21 19 15 13 5 4 3 2 2 -3.4e+38
508 552 511 504 486 457 414 440 470 443 445 435 436 499 501 473 410 393 410 476 449 468 446 453 467 507 775 842 941 892 831 1025 1001 964 942 870 888 1007 938 851 717 461 387 364 334 375 362 335 290 301 295 278 242 225 188 202 214 186 174 164 158 153 152 162 164 162 174 147 130 127 121 105 118 114 112 98 91 95 70 63 38 41 42 41 34 29 23 16 12 16 16 17 16 20 15 11 8 6 4 4 1 1 -3.4e+38
611 561 421 394 370 387 396 384 414 375 412 457 438 422 394 367 376 439 468 480 536 522 504 473 487 581 638 794 744 823 1007 1088 1179 1099 961 894 863 763 558 545 542 397 380 342 355 309 341 355 375 306 241 216 208 204 229 245 217 196 198 186 170 174 169 194 204 178 175 160 154 147 131 131 130 111 105 99 83 87 88 57 40 23 31 32 28 26 23 20 18 14 12 13 17 17 11 6 8 7 5 6 3 1 4
687 450 370 351 361 347 381 419 431 417 408 348 355 368 379 383 394 373 412 511 500 488 541 589 539 632 800 841 762 920 971 1212 1053 968 952 815 533 513 424 383 396 355 315 307 301 287 289 308 288 241 216 234 262 256 248 236 224 222 216 214 197 192 193 192 176 177 163 143 144 133 128 140 120 105 95 82 83 72 72 48 37 23 17 23 26 25 22 21 18 16 19 13 15 11 8 7 6 5 4 5 4 5 2
646 592 324 333 351 369 387 397 376 363 350 391 417 392 357 349 382 388 474 462 447 488 550 720 759 861 992 987 1011 1211 978 1075 1008 810 739 558 456 389 362 334 325 331 334 306 308 296 270 284 276 266 260 261 271 254 246 238 232 215 204 198 209 212 209 192 178 158 147 138 116 117 105 116 114 102 88 76 69 64 49 36 32 36 29 17 22 28 27 25 21 21 21 9 13 9 8 6 7 4 4 4 5 4 3
586 376 289 312 347 364 335 306 305 350 374 403 371 336 347 363 400 431 430 475 608 767 664 829 1078 1067 1322 1291 1132 1258 1196 947 918 653 531 433 368 354 390 411 399 344 317 286 268 247 251 258 272 278 281 289 273 262 249 236 219 212 196 187 190 209 200 179 170 124 101 105 112 130 113 91 87 103 91 75 68 55 42 35 30 27 33 26 14 23 24 23 23 24 22 8 10 13 8 9 7 5 6 6 -3.4e+38 4 4
295 286 292 322 332 320 295 299 334 356 383 351 318 337 377 405 409 433 565 944 1040 878 980 850 809 876 1029 1128 1132 1113 767 567 552 536 438 407 453 463 510 447 345 316 287 284 257 240 237 240 244 262 274 273 263 263 243 224 205 193 182 173 189 205 196 170 135 106 93 93 112 139 123 100 75 87 85 76 62 56 39 32 32 24 29 30 20 13 19 21 17 19 15 8 6 8 11 9 -3.4e+38 -3.4e+38 -3.4e+38 -3.4e+38 -3.4e+38 -3.4e+38 5
287 286 313 316 288 281 284 293 299 314 312 321 430 377 390 476 565 605 772 723 1000 1114 1137 882 880 851 895 1008 993 992 646 495 426 410 439 478 428 366 364 348 330 286 276 260 255 227 238 229 244 255 248 262 253 240 249 231 216 196 203 179 172 176 172 134 99 112 115 123 106 100 117 112 87 73 75 67 54 48 34 28 24 18 23 28 24 19 14 15 14 12 14 7 4 5 8 7 6 9 9 6 4 5 4
289 296 275 280 273 305 324 318 308 305 334 435 572 402 614 554 705 683 637 745 823 905 864 988 1059 938 970 788 747 691 438 373 364 375 406 379 371 337 334 308 278 268 249 242 231 234 225 226 243 231 240 261 233 230 227 239 209 220 199 177 158 155 159 116 85 101 117 124 115 80 106 100 95 88 72 59 50 45 40 34 33 22 18 25 27 21 20 11 9 9 9 9 5 6 5 5 6 7 10 7 8 7 5
270.000000000000000 269 274 281 282 286 355 480 402 366 428 502 544 632 688 867 1100 875 859 620 642 681 810 1192 1383 1082 859 536 609 419 371 341 348 356 342 323 322 308 288 293 286 267 257 246 227 220 221 232 225 229 251 211 194 210 216 209 196 206 191 186 167 148 142 100 89 112 131 126 86 77 90 92 87 75 74 59 47 42 36 31 27 19 17 21 22 18 22 14 12 16 18 11 9 5 5 4 7 4 6 6 11 10 8
281 285 296 309 321 374 400 498 652 610 760 819 1348 1416 1175 844 997 1090 852 657 626 732 1020 1255 1337 971 666 434 411 374 360 354 412 408 353 325 310 298 277 268 270 269 251 234 226 231 218 210 208 224 233 213 162 198 234 183 167 182 192 177 149 139 123 84 90 114 128 115 96 87 72 87 80 70 63 50 39 36 35 37 31 23 14 16 16 14 17 17 19 23 17 6 5 6 7 9 8 5 5 5 9 9 8
280 265 285 339 462 565 633 693 979 1052 1452 1356 1345 1351 1125 1006 896 1061 945 721 670 740 793 843 878 579 472 466 448 396 472 625 494 382 347 314 274 279 305 279 250 257 263 244 241 235 238 220 201 207 213 186 159 230 222 176 152 157 164 145 125 112 96 69 81 110 122 104 97 84 88 73 67 58 61 46 35 28 30 33 28 26 24 13 9 8 10 16 22 20 10 5 6 6 8 8 6 4 5 6 6 5 6
289 270 292 389 509 901 1013 1141 1229 1293 1248 1144 884 1234 1329 1020 862 893 892 721 679 672 799 908 865 667 539 457 402 410 446 459 425 352 336 303 259 280 294 263 240 244 246 249 250 241 244 226 212 196 209 201 187 226 206 161 138 136 138 109 87 90 83 75 91 113 105 94 78 73 61 54 52 54 56 44 39 36 25 28 23 21 24 22 18 12 9 6 12 14 8 6 4 6 7 8 5 4 3 3 2 2 3
306 318 428 664 570 669 710 695 823 709 744 705 767 1151 1355 1106 1067 988 1046 941 799 673 705 884 754 523 355 335 315 311 407 336 299 292 302 281 255 273 256 238 234 237 224 217 218 213 218 210 201 201 179 164 199 196 186 161 138 128 108 92 108 122 120 123 91 80 75 81 76 66 59 45 44 44 41 39 40 34 31 23 18 15 18 17 15 17 17 12 9 9 7 6 7 6 4 6 5 4 4 3 3 -3.4e+38 -3.4e+38
320 446 698 1075 1068 677 848 789 737 606 797 1016 778 755 1044 1369 1374 1427 1191 1027 736 653 706 680 747 370 306 285 305 292 317 305 291 270 281 279 271 243 243 223 217 231 231 203 195 195 195 190 188 167 163 147 207 167 173 166 159 139 110 125 130 122 104 90 83 71 51 58 71 70 57 44 36 31 33 26 33 35 31 32 24 19 12 11 10 12 15 18 14 13 7 7 8 4 3 2 3 5 7 4 -3.4e+38 -3.4e+38 -3.4e+38
511 663 780 1195 1149 791 819 996 925 855 764 886 939 825 837 1113 1392 1327 944 802 710 740 677 637 543 413 303 266 283 283 271 268 259 255 247 281 264 239 231 210 216 236 232 216 191 187 181 196 148 152 127 143 155 145 187 197 179 146 137 122 106 103 105 97 81 60 46 40 56 63 58 53 56 49 39 47 31 26 25 24 23 17 12 13 8 8 11 16 17 15 5 6 5 3 1 -3.4e+38 2 -3.4e+38 3 -3.4e+38 -3.4e+38 -3.4e+38 -3.4e+38
516 648 713 844 899 719 767 1029 1110 1116 754 661 875 1131 1063 1072 1072 921 806 766 785 853 745 662 577 325 295 285 279 253 254 251 232 239 240 275 271 230 225 198 213 217 223 226 218 171 170 158 132 131 103 103 103 102 146 177 154 154 138 128 98 81 83 78 65 59 40 41 45 60 59 53 55 49 45 47 46 38 28 22 21 19 18 17 13 12 6 10 16 16 6 5 5 1 1 -3.4e+38 -3.4e+38 -3.4e+38 -3.4e+38 -3.4e+38 -3.4e+38 -3.4e+38 2
513 518 520 570 562 783 975 1050 1120 1071 769 709 917 1214 1148 1116 992 780 786 895 797 555 442 460 410 305 286 273 268 264 279 255 222 214 230 238 245 228 209 194 194 192 197 218 199 175 167 148 134 110 98 81 72 99 135 155 133 127 123 130 107 111 96 90 76 50 33 46 44 53 55 48 51 49 44 42 44 38 41 37 30 21 14 16 17 14 9 4 9 11 6 3 4 0 -3.4e+38 -3.4e+38 -3.4e+38 -3.4e+38 -3.4e+38 -3.4e+38 2 2 1
653.000000000000000 600 529 548 545 615 599 753 974 1248 1104 751 1070 1053 943 960 586 571 690 554 348 331 341 318 309 292 293 273 269 246 252 212 228 197 186 202 221 222 208 190 194 183 198 206 196 179 160 157 148 119 85 83 91 89 122 113 117 113 100 110 99 91 79 69 63 38 37 41 42 46 51 43 47 42 46 43 35 30 35 36 26 19 14 14 9 11 11 9 6 11 7 5 5 0 1 3 2 0 1 0 1 -3.4e+38 -3.4e+38
546 581 565 594 660 632 653 743 882 891 855 777 921 694 729 539 368 327 365 357 355 309 330 334 296 277 261 257 248 233 213 196 183 167 164 172 196 209 201 193 181 175 183 185 195 178 176 160 126 104 114 119 124 77 89 95 114 116 107 87 87 73 66 57 50 39 30 38 36 36 41 41 45 38 40 41 35 22 26 28 24 21 19 17 12 12 12 12 12 9 7 4 5 3 3 2 2 1 2 -3.4e+38 -3.4e+38 -3.4e+38 -3.4e+38
525 583 639 595 622 723 913 768 875 663 738 655 590 542 533 335 305 272 324 310 335 304 302 313 286 270 250 222 224 216 207 188 173 173 154 173 169 195 174 177 195 165 183 191 202 195 179 151 118 115 135 110 85 69 84 101 108 89 82 72 73 68 62 57 51 47 26 34 34 31 35 32 36 34 38 34 27 18 18 24 26 13 15 17 14 9 11 10 13 10 10 7 5 3 3 4 2 2 -3.4e+38 -3.4e+38 -3.4e+38 -3.4e+38 -3.4e+38
693 657 750 782 805 671 855 888 696 641 653 542 469 473 416 309 275 263 297 288 296 287 282 281 280 250 236 218 205 213 191 172 194 175 146 148 186 188 171 166 172 164 165 180 194 164 165 162 130 106 94 97 66 74 73 86 82 71 70 64 65 62 56 53 48 43 27 27 30 31 27 28 26 37 27 23 18 11 18 22 25 19 8 11 14 8 9 10 10 8 9 5 3 3 2 0 -3.4e+38 -3.4e+38 -3.4e+38 -3.4e+38 -3.4e+38 -3.4e+38 -3.4e+38
710 738 774 789 842 770 707 509 502 550 558 423 380 313 287 272 268 239 251 262 264 276 259 268 251 254 219 206 201 181 168 159 177 153 140 166 154 164 161 160 149 156 156 174 185 161 162 155 141 121 91 59 56 41 50 66 65 61 59 57 55 54 51 48 43 42 37 29 24 25 26 25 24 24 22 17 11 9 12 18 22 15 8 6 12 9 6 7 6 7 5 3 3 3 0 -3.4e+38 -3.4e+38 -3.4e+38 -3.4e+38 -3.4e+38 -3.4e+38 -3.4e+38 -3.4e+38
628 826 674 616 559 501 501 490 435 430 445 397 261 239 253 273 251 222 239 248 245 262 246 255 230 236 232 206 184 175 170 158 139 148 133 128 141 171 165 143 133 143 163 197 171 162 136 118 128 119 84 67 57 40 31 47 54 55 50 50 47 46 46 45 41 39 36 39 30 19 22 21 17 23 21 19 16 7 6 8 14 18 14 5 10 4 -2 4 -3.4e+38 -3.4e+38 -3.4e+38 -3.4e+38 -3.4e+38 1 1 -3.4e+38 -3.4e+38 -3.4e+38 -3.4e+38 -3.4e+38 -3.4e+38 -3.4e+38 -3.4e+38
620 548 503 429 426 443 482 433 411 434 415 316 283 259 227 249 237 226 223 235 237 244 247 229 223 207 208 212 202 174 154 142 139 132 126 142 163 167 160 141 137 117 141 158 160 133 131 98 120 111 109 82 72 45 26 37 42 50 46 38 41 43 44 44 34 31 37 36 33 29 21 16 13 21 17 15 15 8 7 8 12 17 10 3 4 -3.4e+38 -3.4e+38 -3.4e+38 -3.4e+38 -3.4e+38 -3.4e+38 -3.4e+38 -3.4e+38 -3.4e+38 -3.4e+38 -3.4e+38 -3.4e+38 -3.4e+38 -3.4e+38 -3.4e+38 -3.4e+38 -3.4e+38 -3.4e+38
524 447 444 413 377 392 408 395 397 350 280 242 250 241 248 229 231 214 217 225 226 230 235 226 205 198 183 199 187 191 171 152 136 121 115 124 138 136 150 123 107 95 110 128 130 123 106 103 108 112 102 84 61 51 26 25 37 41 42 36 38 42 44 44 30 29 31 29 27 33 27 14 9 7 8 11 15 9 6 11 14 7 1 1 -3.4e+38 -3.4e+38 -3.4e+38 -3.4e+38 -3.4e+38 -3.4e+38 -3.4e+38 -3.4e+38 -3.4e+38 -3.4e+38 -3.4e+38 -3.4e+38 -3.4e+38 -3.4e+38 -3.4e+38 -3.4e+38 -3.4e+38 -3.4e+38 -3.4e+38
393 378 374 364 358 363 359 357 331 265 275 247 220 222 252 266 234 210 197 219 218 210 210 218 198 174 167 185 176 172 168 155 138 133 124 115 134 126 147 134 119 116 94 95 102 110 101 90 78 95 76 61 54 51 43 24 25 35 33 33 39 42 44 44 26 25 22 20 29 24 20 21 14 8 6 7 5 7 8 9 3 0 -3.4e+38 -3.4e+38 -3.4e+38 -3.4e+38 -3.4e+38 -3.4e+38 -3.4e+38 -3.4e+38 -3.4e+38 -3.4e+38 -3.4e+38 -3.4e+38 -3.4e+38 -3.4e+38 -3.4e+38 -3.4e+38 -3.4e+38 -3.4e+38 -3.4e+38 -3.4e+38 -3.4e+38
332.000000000000000 345 365 387 351 356 357 295 273 251 232 227 224 220 251 255 237 209 189 194 195 203 182 199 190 186 164 158 171 152 156 154 158 147 123 103 120 111 141 147 154 131 109 86 82 81 87 90 83 65 63 59 53 46 43 29 20 25 30 36 40 43 45 46 22 19 17 14 17 15 15 18 15 16 15 8 3 10 9 1 -3.4e+38 -3.4e+38 -3.4e+38 -3.4e+38 -3.4e+38 -3.4e+38 -3.4e+38 -3.4e+38 -3.4e+38 -3.4e+38 -3.4e+38 -3.4e+38 -3.4e+38 -3.4e+38 -3.4e+38 -3.4e+38 -3.4e+38 -3.4e+38 -3.4e+38 -3.4e+38 -3.4e+38 -3.4e+38 -3.4e+38
353 352 370 336 339 356 318 276 266 258 258 247 240 221 219 222 214 202 183 174 175 177 169 185 168 191 178 158 150 153 135 142 144 163 152 140 105 90 100 131 137 106 94 79 49 66 89 81 74 58 56 52 49 45 42 37 26 29 33 38 41 44 46 47 16 14 13 10 9 10 14 18 20 17 14 8 5 9 2 -3.4e+38 -3.4e+38 -3.4e+38 -3.4e+38 -3.4e+38 -3.4e+38 -3.4e+38 -3.4e+38 -3.4e+38 -3.4e+38 -3.4e+38 -3.4e+38 -3.4e+38 -3.4e+38 -3.4e+38 -3.4e+38 -3.4e+38 -3.4e+38 -3.4e+38 -3.4e+38 -3.4e+38 -3.4e+38 -3.4e+38 -3.4e+38
333 344 336 336 358 303 280 265 247 246 241 250 247 221 211 179 194 196 181 161 160 151 162 168 155 173 180 160 154 149 152 148 133 138 124 122 120 110 80 107 106 116 89 64 45 62 87 82 59 53 49 48 44 42 39 33 32 33 35 39 42 45 47 49 10 9 9 6 3 9 14 16 20 18 12 7 5 4 1 -3.4e+38 -3.4e+38 -3.4e+38 -3.4e+38 -3.4e+38 -3.4e+38 -3.4e+38 -3.4e+38 -3.4e+38 -3.4e+38 -3.4e+38 -3.4e+38 -3.4e+38 -3.4e+38 -3.4e+38 -3.4e+38 -3.4e+38 -3.4e+38 -3.4e+38 -3.4e+38 -3.4e+38 -3.4e+38 -3.4e+38 -3.4e+38
322 319 308 325 344 310 284 258 235 243 233 231 240 210 197 177 157 166 151 152 148 151 137 153 153 159 169 161 165 160 146 130 134 135 124 116 119 97 81 83 84 112 101 83 39 57 81 59 50 46 48 44 41 37 32 32 34 33 35 39 43 46 49 50 4 5 5 2 2 10 17 18 13 11 14 14 7 3 -3.4e+38 -3.4e+38 -3.4e+38 -3.4e+38 -3.4e+38 -3.4e+38 -3.4e+38 -3.4e+38 -3.4e+38 -3.4e+38 -3.4e+38 -3.4e+38 -3.4e+38 -3.4e+38 -3.4e+38 -3.4e+38 -3.4e+38 -3.4e+38 -3.4e+38 -3.4e+38 -3.4e+38 -3.4e+38 -3.4e+38 -3.4e+38 -3.4e+38
305 306 294 303 316 304 289 270 262 245 221 215 231 215 196 197 172 144 135 142 126 126 136 133 156 147 152 149 146 154 147 154 153 158 162 161 134 106 80 55 60 88 96 89 42 62 68 54 44 40 44 41 38 34 29 23 27 23 19 16 14 13 11 8 2 5 3 -2 -2 7 10 6 9 9 12 9 2 3 -3.4e+38 -3.4e+38 -3.4e+38 -3.4e+38 -3.4e+38 -3.4e+38 -3.4e+38 -3.4e+38 -3.4e+38 -3.4e+38 -3.4e+38 -3.4e+38 -3.4e+38 -3.4e+38 -3.4e+38 -3.4e+38 -3.4e+38 -3.4e+38 -3.4e+38 -3.4e+38 -3.4e+38 -3.4e+38 -3.4e+38 -3.4e+38 -3.4e+38
299 314 291 299 308 285 268 264 239 239 232 210 205 217 213 181 158 161 160 169 140 134 121 124 138 132 135 122 135 157 178 181 180 173 154 151 136 111 96 64 42 46 54 60 45 58 56 51 45 42 37 35 32 29 25 23 19 15 13 12 11 9 7 4 -1 2 4 1 0 -3 -2 -1 -6 -3.4e+38 5 -1 -1 -3.4e+38 -3.4e+38 -3.4e+38 -3.4e+38 -3.4e+38 -3.4e+38 -3.4e+38 -3.4e+38 -3.4e+38 -3.4e+38 -3.4e+38 -3.4e+38 -3.4e+38 -3.4e+38 -3.4e+38 -3.4e+38 -3.4e+38 -3.4e+38 -3.4e+38 -3.4e+38 -3.4e+38 -3.4e+38 -3.4e+38 -3.4e+38 -3.4e+38 -3.4e+38
