data/bio1.asc
NCOLS 103 
NROWS 33 
XLLCORNER -84.333328344 
YLLCORNER 33.833338227 
CELLSIZE 0.0833333376796116 
NODATA_value -3.4e+38 
[rows 0 to 22 of 33, columns 51 to 101 of 103]
13.5 13.5 13.6000003814697 13.8000001907349 14 14.1000003814697 14.1000003814697 14.1000003814697 14.3000001907349 14.3000001907349 14.3000001907349 14.1999998092651 14.1999998092651 14.1999998092651 14.1000003814697 14.1000003814697 14.1000003814697 14.1999998092651 14.1999998092651 14.1999998092651 14.1999998092651 14.1999998092651 14.1999998092651 14.3000001907349 14.3000001907349 14.3000001907349 14.3999996185303 14.3000001907349 14.3999996185303 14.5 14.6000003814697 14.6999998092651 14.6999998092651 14.6999998092651 14.6999998092651 14.8000001907349 14.6999998092651 14.8000001907349 14.8999996185303 14.8999996185303 14.8999996185303 15 15.1000003814697 15.1999998092651 15.1999998092651 15.3000001907349 15.3999996185303 15.5 15.5 15.5 15.5
13.6999998092651 13.8000001907349 13.8999996185303 14.1000003814697 14.1000003814697 14.1000003814697 14.1999998092651 14.3000001907349 14.3000001907349 14.3999996185303 14.3000001907349 14.3000001907349 14.1999998092651 14.1000003814697 14.1000003814697 14.1000003814697 14.1999998092651 14.1999998092651 14.1999998092651 14.1999998092651 14.3000001907349 14.1999998092651 14.1999998092651 14.1999998092651 14.3000001907349 14.3999996185303 14.3999996185303 14.5 14.6000003814697 14.6999998092651 14.6999998092651 14.6999998092651 14.6999998092651 14.6999998092651 14.8000001907349 14.8000001907349 14.8999996185303 14.8999996185303 14.8999996185303 15 15 15.1000003814697 15.1000003814697 15.1999998092651 15.3000001907349 15.3999996185303 15.3999996185303 15.5 15.5 15.6000003814697 15.6000003814697
14.1000003814697 14.1999998092651 14.1999998092651 14.1000003814697 14.1000003814697 14.1999998092651 14.3000001907349 14.3000001907349 14.3000001907349 14.3999996185303 14.3000001907349 14.3000001907349 14.1000003814697 14.1000003814697 14.1000003814697 14.1999998092651 14.1999998092651 14.1999998092651 14.1999998092651 14.1999998092651 14.1999998092651 14.1999998092651 14.3000001907349 14.3999996185303 14.3999996185303 14.5 14.5 14.6000003814697 14.6999998092651 14.8999996185303 14.8999996185303 14.8999996185303 14.8999996185303 14.8000001907349 14.8999996185303 14.8999996185303 14.8999996185303 15 15 15.1000003814697 15.1000003814697 15.1999998092651 15.3000001907349 15.3000001907349 15.3999996185303 15.3999996185303 15.5 15.5 15.6000003814697 15.6000003814697 15.6999998092651
14.1999998092651 14.1000003814697 14.1999998092651 14.1999998092651 14.1999998092651 14.3000001907349 14.3000001907349 14.3000001907349 14.3000001907349 14.3000001907349 14.3000001907349 14.1999998092651 14.1999998092651 14.3000001907349 14.1999998092651 14.3000001907349 14.3999996185303 14.3999996185303 14.3999996185303 14.3999996185303 14.3000001907349 14.3999996185303 14.5 14.5 14.6000003814697 14.6999998092651 14.6999998092651 14.6999998092651 14.8999996185303 14.8999996185303 15 15 14.8999996185303 14.8999996185303 14.8999996185303 14.8999996185303 15 15 15.1000003814697 15.1999998092651 15.1999998092651 15.3000001907349 15.3000001907349 15.3999996185303 15.5 15.5 15.5 15.6000003814697 15.6999998092651 15.6999998092651 15.8000001907349
14.3000001907349 14.3000001907349 14.3000001907349 14.3999996185303 14.3999996185303 14.3999996185303 14.3999996185303 14.5 14.5 14.3999996185303 14.3000001907349 14.1999998092651 14.3000001907349 14.3000001907349 14.3999996185303 14.5 14.5 14.6000003814697 14.6000003814697 14.6000003814697 14.5 14.5 14.6000003814697 14.6999998092651 14.8000001907349 14.8000001907349 14.8999996185303 15 15 15 15 15 15 15 14.8999996185303 15 15 15.1000003814697 15.1999998092651 15.1999998092651 15.3999996185303 15.3999996185303 15.5 15.5 15.6000003814697 15.6000003814697 15.6000003814697 15.6999998092651 15.8000001907349 15.8000001907349 15.8999996185303
14.3999996185303 14.3999996185303 14.5 14.5 14.5 14.5 14.6000003814697 14.6000003814697 14.6000003814697 14.5 14.3999996185303 14.3000001907349 14.3999996185303 14.3999996185303 14.6000003814697 14.8000001907349 14.8000001907349 14.6999998092651 14.6000003814697 14.6000003814697 14.6999998092651 14.6999998092651 14.6999998092651 14.6999998092651 14.8000001907349 14.8999996185303 15 15.1000003814697 15.1000003814697 15.1000003814697 15.1000003814697 15.1000003814697 15.1000003814697 15.1000003814697 15 15.1000003814697 15.1000003814697 15.1999998092651 15.3000001907349 15.3000001907349 15.5 15.5 15.6000003814697 15.6000003814697 15.6999998092651 15.6999998092651 15.8000001907349 15.8000001907349 15.8000001907349 -3.4e+38 16
14.6000003814697 14.6999998092651 14.6000003814697 14.6000003814697 14.6999998092651 14.6999998092651 14.6999998092651 14.6999998092651 14.6999998092651 14.6000003814697 14.3999996185303 14.3999996185303 14.5 14.6000003814697 14.8000001907349 14.8999996185303 15 14.8999996185303 14.6999998092651 14.6999998092651 14.8000001907349 14.8999996185303 14.8000001907349 14.8999996185303 15 15 15.1000003814697 15.1999998092651 15.1999998092651 15.1999998092651 15.1999998092651 15.1999998092651 15.1999998092651 15.1999998092651 15.1999998092651 15.1999998092651 15.1999998092651 15.3000001907349 15.3999996185303 15.5 15.6000003814697 15.6000003814697 15.6999998092651 15.6999998092651 15.6999998092651 -3.4e+38 -3.4e+38 -3.4e+38 -3.4e+38 -3.4e+38 -3.4e+38
14.8000001907349 14.8999996185303 14.8000001907349 14.6999998092651 14.6999998092651 14.6999998092651 14.6999998092651 14.6000003814697 14.6999998092651 14.6999998092651 14.6000003814697 14.6000003814697 14.8000001907349 14.8999996185303 14.8999996185303 15 15 15 15 14.8999996185303 14.8999996185303 15 15 15 15.1000003814697 15.1000003814697 15.1999998092651 15.3000001907349 15.3000001907349 15.3000001907349 15.3000001907349 15.3000001907349 15.3000001907349 15.3000001907349 15.3000001907349 15.3999996185303 15.3999996185303 15.5 15.6000003814697 15.6000003814697 15.6999998092651 15.8000001907349 15.8000001907349 15.8000001907349 15.8999996185303 16 16 16 16.1000003814697 16.2000007629395 16.2000007629395
14.8999996185303 15 15 14.8999996185303 14.6999998092651 14.8000001907349 14.6000003814697 14.6000003814697 14.6999998092651 14.8000001907349 14.8000001907349 14.6999998092651 14.8999996185303 15.1000003814697 15.1000003814697 15.1000003814697 15.1000003814697 15.1000003814697 15.3000001907349 15.1000003814697 15.1000003814697 15.1000003814697 15.1000003814697 15.1999998092651 15.1999998092651 15.3000001907349 15.3000001907349 15.3999996185303 15.3999996185303 15.3999996185303 15.3999996185303 15.3999996185303 15.3999996185303 15.3999996185303 15.3999996185303 15.5 15.6000003814697 15.6000003814697 15.6999998092651 15.6999998092651 15.8000001907349 15.8999996185303 15.8999996185303 16 16 16.1000003814697 16.1000003814697 16.1000003814697 16.2000007629395 16.2999992370605 16.2999992370605
15.1999998092651 15.1999998092651 15.1000003814697 15 14.8999996185303 14.8999996185303 14.6999998092651 14.6000003814697 14.6999998092651 14.8000001907349 14.8999996185303 14.8999996185303 15.1000003814697 15.1999998092651 15.1999998092651 15.1999998092651 15.1999998092651 15.3999996185303 15.3999996185303 15.3000001907349 15.3000001907349 15.1999998092651 15.3000001907349 15.3000001907349 15.3000001907349 15.3999996185303 15.3999996185303 15.5 15.5 15.5 15.5 15.5 15.5 15.5 15.6000003814697 15.6000003814697 15.6999998092651 15.6999998092651 15.8000001907349 15.8000001907349 15.8999996185303 15.8999996185303 16 16 16.1000003814697 16.1000003814697 16.2000007629395 16.2999992370605 16.2999992370605 16.3999996185303 16.3999996185303
15.1999998092651 15.3999996185303 15.1999998092651 15 15.1000003814697 15 14.8000001907349 14.6999998092651 14.6999998092651 14.8999996185303 15 15.1000003814697 15.3000001907349 15.3000001907349 15.1999998092651 15.1999998092651 15.3999996185303 15.5 15.5 15.5 15.3999996185303 15.3999996185303 15.3999996185303 15.3999996185303 15.5 15.5 15.5 15.5 15.5 15.6000003814697 15.6000003814697 15.6999998092651 15.6999998092651 15.6999998092651 15.6999998092651 15.6999998092651 15.8000001907349 15.8000001907349 15.8000001907349 15.8999996185303 16 16.1000003814697 16.1000003814697 16.1000003814697 16.2000007629395 16.2000007629395 16.2999992370605 16.2999992370605 16.3999996185303 16.3999996185303 16.5
15.3000001907349 15.3999996185303 15.1000003814697 15.1000003814697 15.1999998092651 15.1000003814697 15 14.8999996185303 15 15.1000003814697 15.1999998092651 15.3000001907349 15.3999996185303 15.3999996185303 15.3000001907349 15.3000001907349 15.3999996185303 15.5 15.6000003814697 15.5 15.5 15.5 15.5 15.5 15.6000003814697 15.6000003814697 15.6999998092651 15.6000003814697 15.6000003814697 15.6000003814697 15.6999998092651 15.6999998092651 15.8000001907349 15.8000001907349 15.8999996185303 15.8999996185303 15.8999996185303 15.8999996185303 16 16 16.1000003814697 16.1000003814697 16.2000007629395 16.2000007629395 16.2999992370605 16.2999992370605 16.3999996185303 16.3999996185303 16.5 16.5 16.6000003814697
15.1999998092651 15.3000001907349 15.1999998092651 15.1999998092651 15.3000001907349 15.3000001907349 15.1999998092651 15.1000003814697 15.3000001907349 15.3999996185303 15.3999996185303 15.3999996185303 15.5 15.3999996185303 15.3000001907349 15.3999996185303 15.5 15.6000003814697 15.6000003814697 15.6000003814697 15.6000003814697 15.6000003814697 15.6999998092651 15.6999998092651 15.6999998092651 15.8000001907349 15.8000001907349 15.8000001907349 15.6999998092651 15.6999998092651 15.8000001907349 15.6999998092651 15.8000001907349 15.8999996185303 15.8999996185303 16 16 16.1000003814697 16.1000003814697 16.1000003814697 16.2000007629395 16.2000007629395 16.2999992370605 16.2999992370605 16.3999996185303 16.3999996185303 16.5 16.5 16.6000003814697 16.6000003814697 16.6000003814697
15.3999996185303 15.3000001907349 15.3000001907349 15.3000001907349 15.3000001907349 15.3999996185303 15.3999996185303 15.3999996185303 15.5 15.3999996185303 15.3000001907349 15.3000001907349 15.3000001907349 15.5 15.5 15.5 15.5 15.6000003814697 15.6000003814697 15.6000003814697 15.6999998092651 15.8000001907349 15.8000001907349 15.8000001907349 15.8999996185303 15.8999996185303 15.8999996185303 15.8000001907349 15.8000001907349 15.8000001907349 15.8000001907349 15.8999996185303 15.8999996185303 16 16 16 16.1000003814697 16.2000007629395 16.2000007629395 16.2000007629395 16.2999992370605 16.2999992370605 16.3999996185303 16.3999996185303 16.5 16.5 16.6000003814697 16.6000003814697 16.7000007629395 16.7000007629395 -3.4e+38
15.5 15.3000001907349 15.3999996185303 15.3999996185303 15.3999996185303 15.3999996185303 15.3999996185303 15.5 15.3999996185303 15.3999996185303 15.3999996185303 15.5 15.6000003814697 15.6000003814697 15.6000003814697 15.6999998092651 15.6000003814697 15.6000003814697 15.6000003814697 15.6999998092651 15.8000001907349 15.8999996185303 15.8999996185303 16 16.1000003814697 16.1000003814697 16 15.8999996185303 15.8999996185303 15.8000001907349 15.8999996185303 16 16 16.1000003814697 16.2000007629395 16.2000007629395 16.2000007629395 16.2999992370605 16.2999992370605 16.3999996185303 16.3999996185303 16.3999996185303 16.3999996185303 16.5 16.6000003814697 16.6000003814697 16.6000003814697 16.7000007629395 16.7000007629395 -3.4e+38 -3.4e+38
15.6000003814697 15.5 15.6000003814697 15.3999996185303 15.3000001907349 15.3999996185303 15.5 15.5 15.5 15.6000003814697 15.6000003814697 15.6000003814697 15.6000003814697 15.6999998092651 15.6999998092651 15.6999998092651 15.6999998092651 15.6999998092651 15.6999998092651 15.6999998092651 15.8000001907349 15.8000001907349 15.8999996185303 16 16.1000003814697 16.1000003814697 16.1000003814697 16.1000003814697 16 16 16 16 16.1000003814697 16.2000007629395 16.2999992370605 16.2999992370605 16.2999992370605 16.3999996185303 16.3999996185303 16.5 16.5 16.6000003814697 16.6000003814697 16.6000003814697 -3.4e+38 16.7000007629395 -3.4e+38 16.7000007629395 -3.4e+38 -3.4e+38 -3.4e+38
15.8000001907349 15.8000001907349 15.8000001907349 15.6000003814697 15.5 15.6000003814697 15.5 15.6000003814697 15.6000003814697 15.6999998092651 15.8000001907349 15.8000001907349 15.8000001907349 15.8000001907349 15.8000001907349 15.8000001907349 15.8000001907349 15.8000001907349 15.6999998092651 15.8000001907349 15.8999996185303 15.8999996185303 16 16.1000003814697 16.1000003814697 16.1000003814697 16.1000003814697 16.1000003814697 16.1000003814697 16.1000003814697 16 16.1000003814697 16.2000007629395 16.2999992370605 16.2999992370605 16.3999996185303 16.5 16.5 16.5 16.6000003814697 16.6000003814697 16.6000003814697 16.7000007629395 16.7000007629395 -3.4e+38 -3.4e+38 -3.4e+38 -3.4e+38 -3.4e+38 -3.4e+38 -3.4e+38
16 16 15.8999996185303 15.8000001907349 15.6999998092651 15.6999998092651 15.6999998092651 15.6999998092651 15.6999998092651 15.8000001907349 15.6999998092651 15.8000001907349 15.8000001907349 15.8999996185303 15.8999996185303 15.8999996185303 15.8000001907349 15.8000001907349 15.8000001907349 15.8999996185303 16 16 16 16.1000003814697 16.2000007629395 16.2000007629395 16.2000007629395 16.2000007629395 16.1000003814697 16.2000007629395 16.2000007629395 16.2999992370605 16.2999992370605 16.3999996185303 16.5 16.6000003814697 16.6000003814697 16.7000007629395 16.7000007629395 16.7000007629395 16.7999992370605 16.7999992370605 16.7999992370605 -3.4e+38 -3.4e+38 -3.4e+38 -3.4e+38 -3.4e+38 -3.4e+38 17 17.1000003814697
16 16 16 15.8999996185303 15.8999996185303 15.8999996185303 15.8999996185303 15.8999996185303 15.8999996185303 15.8999996185303 15.8999996185303 15.8999996185303 15.8999996185303 15.8999996185303 16 16 15.8999996185303 15.8999996185303 15.8999996185303 15.8999996185303 16 16.1000003814697 16.1000003814697 16.1000003814697 16.2000007629395 16.2999992370605 16.2999992370605 16.2999992370605 16.2999992370605 16.2999992370605 16.2999992370605 16.3999996185303 16.3999996185303 16.5 16.6000003814697 16.7000007629395 16.7000007629395 16.7999992370605 16.7999992370605 16.7999992370605 16.7999992370605 16.7999992370605 16.8999996185303 16.8999996185303 16.8999996185303 17 17 17.1000003814697 17 17 -3.4e+38
16 15.8999996185303 16.1000003814697 16.1000003814697 16 16 16 15.8999996185303 16 16 16 16 16 16 16.1000003814697 16.1000003814697 16 16 16 16.1000003814697 16.1000003814697 16.1000003814697 16.2000007629395 16.2000007629395 16.2999992370605 16.2999992370605 16.3999996185303 16.3999996185303 16.3999996185303 16.3999996185303 16.5 16.5 16.5 16.6000003814697 16.7000007629395 16.7000007629395 16.7999992370605 16.8999996185303 17 16.8999996185303 16.8999996185303 16.8999996185303 16.8999996185303 17 17 17 17 17.1000003814697 -3.4e+38 -3.4e+38 -3.4e+38
16.1000003814697 16.2000007629395 16.2000007629395 16.2000007629395 16.1000003814697 16.1000003814697 16.2000007629395 16.1000003814697 16.1000003814697 16.1000003814697 16.1000003814697 16.1000003814697 16 16.1000003814697 16.1000003814697 16.1000003814697 16.1000003814697 16.1000003814697 16.1000003814697 16.1000003814697 16.2000007629395 16.2000007629395 16.2999992370605 16.3999996185303 16.3999996185303 16.5 16.5 16.5 16.5 16.5 16.6000003814697 16.7000007629395 16.7000007629395 16.7000007629395 16.7999992370605 16.8999996185303 16.8999996185303 17 17 17 16.8999996185303 17 17 17 17 17.1000003814697 17.1000003814697 -3.4e+38 -3.4e+38 -3.4e+38 -3.4e+38
16.1000003814697 16.2999992370605 16.2999992370605 16.2999992370605 16.2999992370605 16.2999992370605 16.2999992370605 16.2999992370605 16.2999992370605 16.2000007629395 16.1000003814697 16.1000003814697 16.1000003814697 16.1000003814697 16.1000003814697 16.1000003814697 16.2000007629395 16.1000003814697 16.2000007629395 16.2000007629395 16.2999992370605 16.2999992370605 16.2999992370605 16.5 16.5 16.6000003814697 16.6000003814697 16.7000007629395 16.7000007629395 16.7000007629395 16.7000007629395 16.7999992370605 16.7999992370605 16.8999996185303 16.8999996185303 16.8999996185303 17 17 17.1000003814697 17 17 17 17 17.1000003814697 17.1000003814697 -3.4e+38 -3.4e+38 -3.4e+38 -3.4e+38 -3.4e+38 -3.4e+38
16.3999996185303 16.3999996185303 16.5 16.5 16.3999996185303 16.5 16.5 16.3999996185303 16.2999992370605 16.2999992370605 16.2000007629395 16.2000007629395 16.1000003814697 16.1000003814697 16.1000003814697 16.1000003814697 16.2000007629395 16.2000007629395 16.2999992370605 16.2999992370605 16.3999996185303 16.3999996185303 16.5 16.6000003814697 16.7000007629395 16.7000007629395 16.7999992370605 16.7999992370605 16.7999992370605 16.7999992370605 16.7999992370605 16.8999996185303 17 17 17 17.1000003814697 17.1000003814697 17.1000003814697 17.1000003814697 17 17 17 17.1000003814697 17.1000003814697 -3.4e+38 -3.4e+38 -3.4e+38 -3.4e+38 -3.4e+38 -3.4e+38 -3.4e+38
