inst/extdata/resampled/alt_resample.asc
NCOLS 103 
NROWS 33 
XLLCORNER -84.333328344 
YLLCORNER 33.833338227 
CELLSIZE 0.0833333376796116 
NODATA_value -9999 
-9999.000000000000000 -9999 -9999 -9999 -9999 -9999 -9999 -9999 -9999 -9999 -9999 -9999 -9999 -9999 -9999 -9999 -9999 -9999 -9999 -9999 -9999 -9999 -9999 -9999 -9999 -9999 -9999 -9999 -9999 -9999 -9999 -9999 1129 963 901 835 847 826 850 810 831 613 504 393 367 411 425 365 341 336 314 281 274 263 221 202 214 186 174 164 158 153 152 151 133 142 147 147 130 127 121 101 98 89 83 78 79 76 86 76 53 38 34 27 23 20 16 25 15 14 22 26 21 21 19 15 13 5 4 3 2 2 1.5
-9999 -9999 -9999 -9999 -9999 -9999 -9999 -9999 -9999 -9999 -9999 -9999 -9999 -9999 -9999 -9999 -9999 -9999 -9999 -9999 -9999 -9999 -9999 -9999 -9999 -9999 -9999 -9999 -9999 -9999 -9999 -9999 1001 964 942 870 888 1007 938 851 717 461 387 364 334 375 362 335 290 301 295 278 242 225 188 202 214 186 174 164 158 153 152 162 164 162 174 147 130 127 121 105 118 114 112 98 91 95 70 63 38 41 42 41 34 29 23 16 12 16 16 17 16 20 15 11 8 6 4 4 1 1 1
-9999 -9999 -9999 -9999 -9999 -9999 -9999 -9999 -9999 -9999 -9999 -9999 -9999 -9999 -9999 -9999 -9999 -9999 -9999 -9999 -9999 -9999 -9999 -9999 -9999 -9999 -9999 -9999 -9999 920 971 1088 1179 1099 961 894 863 763 558 545 542 397 380 342 355 309 341 355 375 306 241 216 208 204 229 245 217 196 198 186 170 174 169 194 204 178 175 160 154 147 131 131 130 111 105 99 83 87 88 57 40 23 31 32 28 26 23 20 18 14 12 13 17 17 11 6 8 7 5 6 3 1 3
-9999 -9999 -9999 -9999 -9999 -9999 -9999 -9999 -9999 -9999 -9999 -9999 -9999 -9999 -9999 -9999 -9999 -9999 -9999 -9999 -9999 -9999 -9999 -9999 -9999 -9999 -9999 -9999 -9999 920 971 1212 1053 968 952 815 533 513 424 383 396 355 315 307 301 287 289 308 288 241 216 234 262 256 248 236 224 222 216 214 197 192 193 192 176 177 163 143 144 133 128 140 120 105 95 82 83 72 72 48 37 23 17 23 26 25 22 21 18 16 19 13 15 11 8 7 6 5 4 5 4 5 3
-9999 -9999 -9999 -9999 -9999 -9999 -9999 -9999 -9999 -9999 -9999 -9999 -9999 -9999 -9999 -9999 -9999 -9999 -9999 -9999 -9999 -9999 -9999 -9999 -9999 -9999 -9999 -9999 1011 1211 978 1075 1008 810 739 558 456 389 362 334 325 331 334 306 308 296 270 284 276 266 260 261 271 254 246 238 232 215 204 198 209 212 209 192 178 158 147 138 116 117 105 116 114 102 88 76 69 64 49 36 32 36 29 17 22 28 27 25 21 21 21 9 13 9 8 6 7 4 4 4 5 4 3
-9999 -9999 -9999 -9999 -9999 -9999 -9999 -9999 -9999 -9999 -9999 -9999 -9999 -9999 -9999 -9999 -9999 -9999 -9999 -9999 -9999 -9999 -9999 -9999 1078 1067 -9999 1071.5 1132 1258 1196 947 918 653 531 433 368 354 390 411 399 344 317 286 268 247 251 258 272 278 281 289 273 262 249 236 219 212 196 187 190 209 200 179 170 124 101 105 112 130 113 91 87 103 91 75 68 55 42 35 30 27 33 26 14 23 24 23 23 24 22 8 10 13 8 9 7 5 6 6 5 4 4
-9999 -9999 -9999 -9999 -9999 -9999 -9999 -9999 -9999 -9999 -9999 -9999 -9999 -9999 -9999 -9999 -9999 -9999 -9999 -9999 1040 -9999 -9999 850 809 876 1029 1128 1132 1113 767 567 552 536 438 407 453 463 510 447 345 316 287 284 257 240 237 240 244 262 274 273 263 263 243 224 205 193 182 173 189 205 196 170 135 106 93 93 112 139 123 100 75 87 85 76 62 56 39 32 32 24 29 30 20 13 19 21 17 19 15 8 6 8 11 9 7 5 6 -9999 -9999 4 5
-9999 -9999 -9999 -9999 -9999 -9999 -9999 -9999 -9999 -9999 -9999 -9999 -9999 -9999 -9999 -9999 -9999 -9999 -9999 723 1000 1114 1137 882 880 851 895 1008 993 992 646 495 426 410 439 478 428 366 364 348 330 286 276 260 255 227 238 229 244 255 248 262 253 240 249 231 216 196 203 179 172 176 172 134 99 112 115 123 106 100 117 112 87 73 75 67 54 48 34 28 24 18 23 28 24 19 14 15 14 12 14 7 4 5 8 7 6 9 9 6 4 5 4
-9999 -9999 -9999 -9999 -9999 -9999 -9999 -9999 -9999 -9999 -9999 -9999 -9999 -9999 -9999 -9999 -9999 683 637 745 823 905 864 988 1059 938 970 788 747 691 438 373 364 375 406 379 371 337 334 308 278 268 249 242 231 234 225 226 243 231 240 261 233 230 227 239 209 220 199 177 158 155 159 116 85 101 117 124 115 80 106 100 95 88 72 59 50 45 40 34 33 22 18 25 27 21 20 11 9 9 9 9 5 6 5 5 6 7 10 7 8 7 5
-9999 -9999 -9999 -9999 -9999 -9999 -9999 -9999 -9999 -9999 -9999 -9999 -9999 1416 1175 844 1100 875 859 620 642 681 810 1192 1383 1082 859 536 609 419 371 341 348 356 342 323 322 308 288 293 286 267 257 246 227 220 221 232 225 229 251 211 194 210 216 209 196 206 191 186 167 148 142 100 89 112 131 126 86 77 90 92 87 75 74 59 47 42 36 31 27 19 17 21 22 18 22 14 12 16 18 11 9 5 5 4 7 4 6 6 11 10 8
-9999 -9999 -9999 -9999 -9999 -9999 -9999 -9999 -9999 -9999 -9999 1356 1345 1416 1175 844 997 1090 852 657 626 732 1020 1255 1337 971 666 434 411 374 360 354 412 408 353 325 310 298 277 268 270 269 251 234 226 231 218 210 208 224 233 213 162 198 234 183 167 182 192 177 149 139 123 84 90 114 128 115 96 87 72 87 80 70 63 50 39 36 35 37 31 23 14 16 16 14 17 17 19 23 17 6 5 6 7 9 8 5 5 5 9 9 8
-9999 -9999 -9999 -9999 -9999 -9999 1013 1141 1229 1293 1248 1356 1345 1351 1125 1006 896 1061 945 721 670 740 793 843 878 579 472 466 448 396 472 625 494 382 347 314 274 279 305 279 250 257 263 244 241 235 238 220 201 207 213 186 159 230 222 176 152 157 164 145 125 112 96 69 81 110 122 104 97 84 88 73 67 58 61 46 35 28 30 33 28 26 24 13 9 8 10 16 22 20 10 5 6 6 8 8 6 4 5 6 6 5 6
-9999 -9999 -9999 -9999 -9999 -9999 1013 1141 1229 1293 1248 1144 884 1234 1329 1020 862 893 892 721 679 672 799 908 865 667 539 457 402 410 446 459 425 352 336 303 259 280 294 263 240 244 246 249 250 241 244 226 212 196 209 201 187 226 206 161 138 136 138 109 87 90 83 75 91 113 105 94 78 73 61 54 52 54 56 44 39 36 25 28 23 21 24 22 18 12 9 6 12 14 8 6 4 6 7 8 5 4 3 3 2 2 3
-9999 -9999 -9999 -9999 -9999 669 710 695 823 709 744 705 767 1151 1355 1106 1067 988 1046 941 799 673 705 884 754 523 355 335 315 311 407 336 299 292 302 281 255 273 256 238 234 237 224 217 218 213 218 210 201 201 179 164 199 196 186 161 138 128 108 92 108 122 120 123 91 80 75 81 76 66 59 45 44 44 41 39 40 34 31 23 18 15 18 17 15 17 17 12 9 9 7 6 7 6 4 6 5 4 4 3 3 2 3
-9999 -9999 -9999 -9999 1068 677 848 789 737 606 797 1016 778 755 1044 1369 1374 1427 1191 1027 736 653 706 680 747 370 306 285 305 292 317 305 291 270 281 279 271 243 243 223 217 231 231 203 195 195 195 190 188 167 163 147 207 167 173 166 159 139 110 125 130 122 104 90 83 71 51 58 71 70 57 44 36 31 33 26 33 35 31 32 24 19 12 11 10 12 15 18 14 13 7 7 8 4 3 2 3 5 7 4 3 -9999 -9999
-9999 -9999 -9999 -9999 1149 791 819 996 925 855 764 886 939 825 837 1113 1392 1327 944 802 710 740 677 637 543 413 303 266 283 283 271 268 259 255 247 281 264 239 231 210 216 236 232 216 191 187 181 196 148 152 127 143 155 145 187 197 179 146 137 122 106 103 105 97 81 60 46 40 56 63 58 53 56 49 39 47 31 26 25 24 23 17 12 13 8 8 11 16 17 15 5 6 5 3 1 2 2 5 3 -9999 -9999 -9999 -9999
513 648 713 844 899 719 767 1029 1110 1116 754 661 875 1131 1063 1072 1072 921 806 766 785 853 745 662 577 325 295 285 279 253 254 251 232 239 240 275 271 230 225 198 213 217 223 226 218 171 170 158 132 131 103 103 103 102 146 177 154 154 138 128 98 81 83 78 65 59 40 41 45 60 59 53 55 49 45 47 46 38 28 22 21 19 18 17 13 12 6 10 16 16 6 5 5 1 1 -9999 -9999 -9999 -9999 -9999 -9999 -9999 2
513 518 520 570 562 783 975 1050 1120 1071 769 709 917 1214 1148 1116 992 780 786 895 -9999 -9999 -9999 -9999 -9999 -9999 -9999 -9999 -9999 -9999 -9999 -9999 -9999 -9999 -9999 -9999 -9999 -9999 -9999 -9999 194 192 197 218 199 175 167 148 134 110 98 81 72 99 135 155 133 127 123 130 107 111 96 90 76 50 33 46 44 53 55 48 51 49 44 42 44 38 41 37 30 21 14 16 17 14 9 4 9 11 6 3 4 0 1 3 2 0 1 -9999 2 -9999 -9999
653 600 529 548 545 615 599 753 974 1248 1104 751 1070 1053 943 960 586 -9999 -9999 -9999 -9999 -9999 -9999 -9999 -9999 -9999 -9999 -9999 -9999 -9999 -9999 -9999 -9999 -9999 -9999 -9999 -9999 -9999 -9999 -9999 -9999 183 198 206 196 179 160 157 148 119 85 83 91 89 122 113 117 113 100 110 99 91 79 69 63 38 37 41 42 46 51 43 47 42 46 43 35 30 35 36 26 19 14 14 9 11 11 9 6 11 7 5 5 0 1 3 2 0 1 -9999 -9999 -9999 -9999
-9999 -9999 -9999 -9999 -9999 -9999 -9999 -9999 -9999 -9999 -9999 -9999 -9999 -9999 -9999 -9999 -9999 -9999 -9999 -9999 -9999 -9999 -9999 -9999 -9999 -9999 -9999 -9999 -9999 -9999 -9999 -9999 -9999 -9999 -9999 -9999 -9999 -9999 -9999 -9999 -9999 -9999 183 185 195 178 176 160 126 104 114 119 124 77 89 95 114 116 107 87 87 73 66 57 50 39 30 38 36 36 41 41 45 38 40 41 35 22 26 28 24 21 19 17 12 12 12 12 12 9 7 4 5 3 3 2 2 1 -9999 -9999 -9999 -9999 -9999
-9999 -9999 -9999 -9999 -9999 -9999 -9999 -9999 -9999 -9999 -9999 -9999 -9999 -9999 -9999 -9999 -9999 -9999 -9999 -9999 -9999 -9999 -9999 -9999 -9999 -9999 -9999 -9999 -9999 -9999 -9999 -9999 -9999 -9999 -9999 -9999 -9999 -9999 -9999 -9999 -9999 -9999 -9999 191 202 195 179 151 118 115 135 110 85 69 84 101 108 89 82 72 73 68 62 57 51 47 26 34 34 31 35 32 36 34 38 34 27 18 18 24 26 13 15 17 14 9 11 10 13 10 10 7 5 3 3 4 2 -9999 -9999 -9999 -9999 -9999 -9999
-9999 -9999 -9999 -9999 -9999 -9999 -9999 -9999 -9999 -9999 -9999 -9999 -9999 -9999 -9999 -9999 -9999 -9999 -9999 -9999 -9999 -9999 -9999 -9999 -9999 -9999 -9999 -9999 -9999 -9999 -9999 -9999 -9999 -9999 -9999 -9999 -9999 -9999 -9999 -9999 -9999 -9999 -9999 -9999 202 195 179 151 118 115 135 110 85 69 84 101 82 71 70 64 65 62 56 53 48 43 27 27 30 31 27 28 26 37 27 23 18 11 18 22 25 19 8 11 14 8 9 10 10 8 9 5 3 3 2 4 2 -9999 -9999 -9999 -9999 -9999 -9999
-9999 -9999 -9999 -9999 -9999 -9999 -9999 -9999 -9999 -9999 -9999 -9999 -9999 -9999 -9999 -9999 -9999 -9999 -9999 -9999 -9999 -9999 -9999 -9999 -9999 -9999 -9999 -9999 -9999 -9999 -9999 -9999 -9999 -9999 -9999 -9999 -9999 -9999 -9999 -9999 -9999 -9999 -9999 -9999 -9999 -9999 -9999 -9999 -9999 -9999 -9999 -9999 -9999 -9999 -9999 -9999 -9999 61 59 57 55 54 51 48 43 42 37 29 24 25 26 25 24 24 22 17 11 9 12 18 22 15 8 6 12 9 6 7 6 7 5 3 3 3 0 -9999 -9999 -9999 -9999 -9999 -9999 -9999 -9999
-9999 -9999 -9999 -9999 -9999 -9999 -9999 -9999 -9999 -9999 -9999 -9999 -9999 -9999 -9999 -9999 -9999 -9999 -9999 -9999 -9999 -9999 -9999 -9999 -9999 -9999 -9999 -9999 -9999 -9999 -9999 -9999 -9999 -9999 -9999 -9999 -9999 -9999 -9999 -9999 -9999 -9999 -9999 -9999 -9999 -9999 -9999 -9999 -9999 -9999 -9999 -9999 -9999 -9999 -9999 -9999 -9999 61 59 50 47 46 46 45 41 39 36 39 30 19 22 21 17 23 21 19 16 7 6 8 14 18 14 5 10 4 6 7 6 7 5 3 3 1 0 -9999 -9999 -9999 -9999 -9999 -9999 -9999 -9999
-9999 -9999 -9999 -9999 -9999 -9999 -9999 -9999 -9999 -9999 -9999 -9999 -9999 -9999 -9999 -9999 -9999 -9999 -9999 -9999 -9999 -9999 -9999 -9999 -9999 -9999 -9999 -9999 -9999 -9999 -9999 -9999 -9999 -9999 -9999 -9999 -9999 -9999 -9999 -9999 -9999 -9999 -9999 -9999 -9999 -9999 -9999 -9999 -9999 -9999 -9999 -9999 -9999 -9999 -9999 -9999 -9999 -9999 -9999 50 41 43 44 44 34 31 37 36 33 29 21 16 13 21 17 15 15 8 7 8 12 17 10 3 10 4 -9999 -9999 -9999 -9999 -9999 -9999 -9999 -9999 -9999 -9999 -9999 -9999 -9999 -9999 -9999 -9999 -9999
-9999 -9999 -9999 -9999 -9999 -9999 -9999 -9999 -9999 -9999 -9999 -9999 -9999 -9999 -9999 -9999 -9999 -9999 -9999 -9999 -9999 -9999 -9999 -9999 -9999 -9999 -9999 -9999 -9999 -9999 -9999 -9999 -9999 -9999 -9999 -9999 -9999 -9999 -9999 -9999 -9999 -9999 -9999 -9999 -9999 -9999 -9999 -9999 -9999 -9999 -9999 -9999 -9999 -9999 -9999 -9999 -9999 -9999 -9999 -9999 -9999 42 44 44 30 29 31 29 27 33 27 14 9 7 8 11 15 9 6 11 14 7 -9999 -9999 -9999 -9999 -9999 -9999 -9999 -9999 -9999 -9999 -9999 -9999 -9999 -9999 -9999 -9999 -9999 -9999 -9999 -9999 -9999
-9999 -9999 -9999 -9999 -9999 -9999 -9999 -9999 -9999 -9999 -9999 -9999 -9999 -9999 -9999 -9999 -9999 -9999 -9999 -9999 -9999 -9999 -9999 -9999 -9999 -9999 -9999 -9999 -9999 -9999 -9999 -9999 -9999 -9999 -9999 -9999 -9999 -9999 -9999 -9999 -9999 -9999 -9999 -9999 -9999 -9999 -9999 -9999 -9999 -9999 -9999 -9999 -9999 -9999 -9999 -9999 -9999 -9999 -9999 -9999 -9999 -9999 44 44 26 25 22 20 29 24 20 21 14 8 6 7 5 7 8 9 3 -9999 -9999 -9999 -9999 -9999 -9999 -9999 -9999 -9999 -9999 -9999 -9999 -9999 -9999 -9999 -9999 -9999 -9999 -9999 -9999 -9999 -9999
-9999 -9999 -9999 -9999 -9999 -9999 -9999 -9999 -9999 -9999 -9999 -9999 -9999 -9999 -9999 -9999 -9999 -9999 -9999 -9999 -9999 -9999 -9999 -9999 -9999 -9999 -9999 -9999 -9999 -9999 -9999 -9999 -9999 -9999 -9999 -9999 -9999 -9999 -9999 -9999 -9999 -9999 -9999 -9999 -9999 -9999 -9999 -9999 -9999 -9999 -9999 -9999 -9999 -9999 -9999 -9999 -9999 -9999 -9999 -9999 -9999 -9999 -9999 46 22 19 17 14 17 15 15 18 15 16 15 8 3 10 9 -9999 -9999 -9999 -9999 -9999 -9999 -9999 -9999 -9999 -9999 -9999 -9999 -9999 -9999 -9999 -9999 -9999 -9999 -9999 -9999 -9999 -9999 -9999 -9999
-9999 -9999 -9999 -9999 -9999 -9999 -9999 -9999 -9999 -9999 -9999 -9999 -9999 -9999 -9999 -9999 -9999 -9999 -9999 -9999 -9999 -9999 -9999 -9999 -9999 -9999 -9999 -9999 -9999 -9999 -9999 -9999 -9999 -9999 -9999 -9999 -9999 -9999 -9999 -9999 -9999 -9999 -9999 -9999 -9999 -9999 -9999 -9999 -9999 -9999 -9999 -9999 -9999 -9999 -9999 -9999 -9999 -9999 -9999 -9999 -9999 -9999 -9999 -9999 16 14 13 10 9 10 14 18 20 17 14 8 5 9 -9999 -9999 -9999 -9999 -9999 -9999 -9999 -9999 -9999 -9999 -9999 -9999 -9999 -9999 -9999 -9999 -9999 -9999 -9999 -9999 -9999 -9999 -9999 -9999 -9999
-9999 -9999 -9999 -9999 -9999 -9999 -9999 -9999 -9999 -9999 -9999 -9999 -9999 -9999 -9999 -9999 -9999 -9999 -9999 -9999 -9999 -9999 -9999 -9999 -9999 -9999 -9999 -9999 -9999 -9999 -9999 -9999 -9999 -9999 -9999 -9999 -9999 -9999 -9999 -9999 -9999 -9999 -9999 -9999 -9999 -9999 -9999 -9999 -9999 -9999 -9999 -9999 -9999 -9999 -9999 -9999 -9999 -9999 -9999 -9999 -9999 -9999 -9999 -9999 -9999 14 9 6 3 9 14 16 20 18 12 7 5 4 -9999 -9999 -9999 -9999 -9999 -9999 -9999 -9999 -9999 -9999 -9999 -9999 -9999 -9999 -9999 -9999 -9999 -9999 -9999 -9999 -9999 -9999 -9999 -9999 -9999
-9999 -9999 -9999 -9999 -9999 -9999 -9999 -9999 -9999 -9999 -9999 -9999 -9999 -9999 -9999 -9999 -9999 -9999 -9999 -9999 -9999 -9999 -9999 -9999 -9999 -9999 -9999 -9999 -9999 -9999 -9999 -9999 -9999 -9999 -9999 -9999 -9999 -9999 -9999 -9999 -9999 -9999 -9999 -9999 -9999 -9999 -9999 -9999 -9999 -9999 -9999 -9999 -9999 -9999 -9999 -9999 -9999 -9999 -9999 -9999 -9999 -9999 -9999 -9999 -9999 -9999 -9999 2 2 10 17 18 13 11 14 14 7 4 -9999 -9999 -9999 -9999 -9999 -9999 -9999 -9999 -9999 -9999 -9999 -9999 -9999 -9999 -9999 -9999 -9999 -9999 -9999 -9999 -9999 -9999 -9999 -9999 -9999
-9999 -9999 -9999 -9999 -9999 -9999 -9999 -9999 -9999 -9999 -9999 -9999 -9999 -9999 -9999 -9999 -9999 -9999 -9999 -9999 -9999 -9999 -9999 -9999 -9999 -9999 -9999 -9999 -9999 -9999 -9999 -9999 -9999 -9999 -9999 -9999 -9999 -9999 -9999 -9999 -9999 -9999 -9999 -9999 -9999 -9999 -9999 -9999 -9999 -9999 -9999 -9999 -9999 -9999 -9999 -9999 -9999 -9999 -9999 -9999 -9999 -9999 -9999 -9999 -9999 -9999 -9999 2 -2 7 10 6 9 9 12 9 2 4.5 -9999 -9999 -9999 -9999 -9999 -9999 -9999 -9999 -9999 -9999 -9999 -9999 -9999 -9999 -9999 -9999 -9999 -9999 -9999 -9999 -9999 -9999 -9999 -9999 -9999
-9999 -9999 -9999 -9999 -9999 -9999 -9999 -9999 -9999 -9999 -9999 -9999 -9999 -9999 -9999 -9999 -9999 -9999 -9999 -9999 -9999 -9999 -9999 -9999 -9999 -9999 -9999 -9999 -9999 -9999 -9999 -9999 -9999 -9999 -9999 -9999 -9999 -9999 -9999 -9999 -9999 -9999 -9999 -9999 -9999 -9999 -9999 -9999 -9999 -9999 -9999 -9999 -9999 -9999 -9999 -9999 -9999 -9999 -9999 -9999 -9999 -9999 -9999 -9999 -9999 -9999 -9999 -9999 -9999 -3 10 6 9 9 12 9 -1 0.5 -9999 -9999 -9999 -9999 -9999 -9999 -9999 -9999 -9999 -9999 -9999 -9999 -9999 -9999 -9999 -9999 -9999 -9999 -9999 -9999 -9999 -9999 -9999 -9999 -9999
