inst/extdata/resampled/bio_1_resample.asc
NCOLS 103 
NROWS 33 
XLLCORNER -84.333328344 
YLLCORNER 33.833338227 
CELLSIZE 0.0833333376796116 
NODATA_value -9999 
[rows 0 to 27 of 33, columns 0 to 63 of 103]
-9999.000000000000000 -9999 -9999 -9999 -9999 -9999 -9999 -9999 -9999 -9999 -9999 -9999 -9999 -9999 -9999 -9999 -9999 -9999 -9999 -9999 -9999 -9999 -9999 -9999 -9999 -9999 -9999 -9999 -9999 -9999 -9999 -9999 9.39999961853027 10.1000003814697 10.3999996185303 10.6999998092651 10.6000003814697 10.6999998092651 10.6000003814697 10.8000001907349 10.8000001907349 11.8000001907349 12.3000001907349 12.8999996185303 13 12.8000001907349 12.8000001907349 13.1000003814697 13.1999998092651 13.1999998092651 13.3000001907349 13.5 13.5 13.6000003814697 13.8000001907349 14.1000003814697 14.1000003814697 14.1999998092651 14.3000001907349 14.3000001907349 14.3999996185303 14.3000001907349 14.3000001907349 14.1999998092651
-9999 -9999 -9999 -9999 -9999 -9999 -9999 -9999 -9999 -9999 -9999 -9999 -9999 -9999 -9999 -9999 -9999 -9999 -9999 -9999 -9999 -9999 -9999 -9999 -9999 -9999 -9999 -9999 -9999 -9999 -9999 -9999 10 10.1999998092651 10.3000001907349 10.5 10.3999996185303 9.89999961853027 10.3000001907349 10.6999998092651 11.3999996185303 12.6000003814697 13 13.1000003814697 13.3000001907349 13.1999998092651 13.1999998092651 13.3999996185303 13.5 13.5 13.6000003814697 13.6999998092651 13.8000001907349 13.8999996185303 14.1000003814697 14.1000003814697 14.1000003814697 14.1999998092651 14.3000001907349 14.3000001907349 14.3999996185303 14.3000001907349 14.3000001907349 14.1999998092651
-9999 -9999 -9999 -9999 -9999 -9999 -9999 -9999 -9999 -9999 -9999 -9999 -9999 -9999 -9999 -9999 -9999 -9999 -9999 -9999 -9999 -9999 -9999 -9999 -9999 -9999 -9999 -9999 -9999 10.6000003814697 10.3000001907349 9.69999980926513 9.30000019073486 9.60000038146972 10.3000001907349 10.5 10.6999998092651 11.1999998092651 12.1999998092651 12.1999998092651 12.3000001907349 13 13.1000003814697 13.3000001907349 13.3000001907349 13.6000003814697 13.5 13.3999996185303 13.3000001907349 13.6000003814697 14 14.1000003814697 14.1999998092651 14.1999998092651 14.1000003814697 14.1000003814697 14.1999998092651 14.3000001907349 14.3000001907349 14.3000001907349 14.3999996185303 14.3000001907349 14.3000001907349 14.1000003814697
-9999 -9999 -9999 -9999 -9999 -9999 -9999 -9999 -9999 -9999 -9999 -9999 -9999 -9999 -9999 -9999 -9999 -9999 -9999 -9999 -9999 -9999 -9999 -9999 -9999 -9999 -9999 -9999 -9999 10.6000003814697 10.3000001907349 9.19999980926513 9.89999961853027 10.3000001907349 10.3999996185303 11 12.3999996185303 12.5 12.8999996185303 13.1000003814697 13 13.3000001907349 13.5 13.6000003814697 13.6999998092651 13.8000001907349 13.8000001907349 13.8000001907349 13.8999996185303 14.1000003814697 14.3000001907349 14.1999998092651 14.1000003814697 14.1999998092651 14.1999998092651 14.1999998092651 14.3000001907349 14.3000001907349 14.3000001907349 14.3000001907349 14.3000001907349 14.3000001907349 14.1999998092651 14.1999998092651
-9999 -9999 -9999 -9999 -9999 -9999 -9999 -9999 -9999 -9999 -9999 -9999 -9999 -9999 -9999 -9999 -9999 -9999 -9999 -9999 -9999 -9999 -9999 -9999 -9999 -9999 -9999 -9999 10.1999998092651 9.30000019073486 10.3999996185303 9.89999961853027 10.1999998092651 11.1999998092651 11.5 12.3999996185303 12.8999996185303 13.1999998092651 13.3000001907349 13.3999996185303 13.5 13.5 13.6000003814697 13.6999998092651 13.8000001907349 13.8999996185303 14.1000003814697 14.1000003814697 14.1999998092651 14.3000001907349 14.3000001907349 14.3000001907349 14.3000001907349 14.3000001907349 14.3999996185303 14.3999996185303 14.3999996185303 14.3999996185303 14.5 14.5 14.3999996185303 14.3000001907349 14.1999998092651 14.3000001907349
-9999 -9999 -9999 -9999 -9999 -9999 -9999 -9999 -9999 -9999 -9999 -9999 -9999 -9999 -9999 -9999 -9999 -9999 -9999 -9999 -9999 -9999 -9999 -9999 10 10 -9999 9.94999980926514 9.69999980926513 9.10000038146973 9.39999961853027 10.6000003814697 10.8000001907349 12.1000003814697 12.6999998092651 13.1999998092651 13.3999996185303 13.3999996185303 13.3000001907349 13.1999998092651 13.1999998092651 13.6000003814697 13.6999998092651 13.8999996185303 14.1000003814697 14.3000001907349 14.3000001907349 14.3999996185303 14.3999996185303 14.3999996185303 14.3999996185303 14.3999996185303 14.3999996185303 14.5 14.5 14.5 14.5 14.6000003814697 14.6000003814697 14.6000003814697 14.5 14.3999996185303 14.3000001907349 14.3999996185303
-9999 -9999 -9999 -9999 -9999 -9999 -9999 -9999 -9999 -9999 -9999 -9999 -9999 -9999 -9999 -9999 -9999 -9999 -9999 -9999 10.3000001907349 -9999 -9999 11 11.1999998092651 10.8999996185303 10.1999998092651 9.80000019073486 9.69999980926513 9.89999961853027 11.6000003814697 12.6999998092651 12.6999998092651 12.8000001907349 13.3000001907349 13.5 13.1999998092651 13.1000003814697 12.8999996185303 13.1000003814697 13.6000003814697 13.8000001907349 13.8999996185303 14 14.1999998092651 14.3999996185303 14.5 14.6000003814697 14.6999998092651 14.6999998092651 14.6000003814697 14.6000003814697 14.6999998092651 14.6000003814697 14.6000003814697 14.6999998092651 14.6999998092651 14.6999998092651 14.6999998092651 14.6999998092651 14.6000003814697 14.3999996185303 14.3999996185303 14.5
-9999 -9999 -9999 -9999 -9999 -9999 -9999 -9999 -9999 -9999 -9999 -9999 -9999 -9999 -9999 -9999 -9999 -9999 -9999 11.8999996185303 10.5 10 9.80000019073486 10.8999996185303 10.8999996185303 11 10.8000001907349 10.3999996185303 10.3999996185303 10.5 12.3000001907349 13.1999998092651 13.6000003814697 13.6999998092651 13.5 13.3000001907349 13.5 13.6999998092651 13.6999998092651 13.6999998092651 13.8000001907349 14 14.1000003814697 14.1999998092651 14.3000001907349 14.6000003814697 14.6000003814697 14.8000001907349 14.8000001907349 14.8000001907349 14.8999996185303 14.8000001907349 14.8999996185303 14.8000001907349 14.6999998092651 14.6999998092651 14.6999998092651 14.6999998092651 14.6000003814697 14.6999998092651 14.6999998092651 14.6000003814697 14.6000003814697 14.8000001907349
-9999 -9999 -9999 -9999 -9999 -9999 -9999 -9999 -9999 -9999 -9999 -9999 -9999 -9999 -9999 -9999 -9999 12.1999998092651 12.3999996185303 11.8000001907349 11.3999996185303 11 11.1999998092651 10.5 10.1999998092651 10.6999998092651 10.5 11.5 11.8000001907349 12.1000003814697 13.5 13.8999996185303 14 14 13.8000001907349 13.8999996185303 13.8999996185303 14 14 14.1000003814697 14.1999998092651 14.1999998092651 14.3000001907349 14.3999996185303 14.5 14.6000003814697 14.8000001907349 14.8999996185303 14.8999996185303 15 15 14.8999996185303 15 15 14.8999996185303 14.6999998092651 14.8000001907349 14.6000003814697 14.6000003814697 14.6999998092651 14.8000001907349 14.8000001907349 14.6999998092651 14.8999996185303
-9999 -9999 -9999 -9999 -9999 -9999 -9999 -9999 -9999 -9999 -9999 -9999 -9999 8.80000019073486 9.89999961853027 11.5 10.1999998092651 11.3000001907349 11.3999996185303 12.5 12.3999996185303 12.1999998092651 11.6000003814697 9.80000019073486 8.89999961853027 10.1999998092651 11.1999998092651 13 12.6000003814697 13.6999998092651 14 14.1000003814697 14.1999998092651 14.1999998092651 14.3000001907349 14.3999996185303 14.3000001907349 14.3000001907349 14.3000001907349 14.3000001907349 14.1999998092651 14.3000001907349 14.3999996185303 14.3999996185303 14.6000003814697 14.6999998092651 14.8000001907349 14.8999996185303 15 15.1000003814697 15 15.1999998092651 15.1999998092651 15.1000003814697 15 14.8999996185303 14.8999996185303 14.6999998092651 14.6000003814697 14.6999998092651 14.8000001907349 14.8999996185303 14.8999996185303 15.1000003814697
-9999 -9999 -9999 -9999 -9999 -9999 -9999 -9999 -9999 -9999 -9999 9.10000038146973 9.19999980926513 8.80000019073486 9.89999961853027 11.5 10.8000001907349 10.3999996185303 11.5 12.3999996185303 12.6000003814697 12.1000003814697 10.6999998092651 9.60000038146972 9.19999980926513 10.8000001907349 12.3999996185303 13.6999998092651 13.8000001907349 14 14.1000003814697 14.1999998092651 13.8999996185303 14 14.3000001907349 14.5 14.5 14.5 14.5 14.5 14.5 14.5 14.5 14.6000003814697 14.6999998092651 14.6999998092651 14.8999996185303 15 15.1000003814697 15.1000003814697 15.1000003814697 15.1999998092651 15.3999996185303 15.1999998092651 15 15.1000003814697 15 14.8000001907349 14.6999998092651 14.6999998092651 14.8999996185303 15 15.1000003814697 15.3000001907349
-9999 -9999 -9999 -9999 -9999 -9999 10.6000003814697 10.1000003814697 9.69999980926513 9.39999961853027 9.60000038146972 9.10000038146973 9.19999980926513 9.19999980926513 10.1999998092651 10.8000001907349 11.3000001907349 10.6000003814697 11.1999998092651 12.1999998092651 12.5 12.1999998092651 12 11.6999998092651 11.3999996185303 13 13.6000003814697 13.6000003814697 13.6999998092651 14 13.6000003814697 12.8999996185303 13.6000003814697 14.1999998092651 14.3999996185303 14.6000003814697 14.8000001907349 14.6999998092651 14.5 14.6000003814697 14.6999998092651 14.6999998092651 14.6000003814697 14.6999998092651 14.6999998092651 14.8000001907349 14.8000001907349 15 15.1000003814697 15.1999998092651 15.1999998092651 15.3000001907349 15.3999996185303 15.1000003814697 15.1000003814697 15.1999998092651 15.1000003814697 15 14.8999996185303 15 15.1000003814697 15.1999998092651 15.3000001907349 15.3999996185303
-9999 -9999 -9999 -9999 -9999 -9999 10.6000003814697 10.1000003814697 9.69999980926513 9.39999961853027 9.60000038146972 10.1000003814697 11.1999998092651 9.69999980926513 9.39999961853027 10.8000001907349 11.6000003814697 11.5 11.5 12.3000001907349 12.6000003814697 12.6000003814697 12 11.3999996185303 11.6000003814697 12.6999998092651 13.3000001907349 13.8000001907349 14.1000003814697 14 13.8999996185303 13.8000001907349 14 14.3999996185303 14.6000003814697 14.6999998092651 14.8999996185303 14.8000001907349 14.6999998092651 14.8000001907349 14.8999996185303 14.8999996185303 14.8000001907349 14.8000001907349 14.8000001907349 14.8999996185303 14.8999996185303 15 15.1000003814697 15.1999998092651 15.1999998092651 15.1999998092651 15.3000001907349 15.1999998092651 15.1999998092651 15.3000001907349 15.3000001907349 15.1999998092651 15.1000003814697 15.3000001907349 15.3999996185303 15.3999996185303 15.3999996185303 15.5
-9999 -9999 -9999 -9999 -9999 12.3000001907349 12 12.1000003814697 11.5 12 11.8999996185303 12.1000003814697 11.8999996185303 10.1999998092651 9.30000019073486 10.5 10.6999998092651 11.1000003814697 10.8999996185303 11.3999996185303 12.1000003814697 12.6999998092651 12.5 11.6000003814697 12.3000001907349 13.5 14.3999996185303 14.5 14.6000003814697 14.6000003814697 14.1999998092651 14.5 14.6999998092651 14.8000001907349 14.8000001907349 14.8999996185303 15 14.8999996185303 15 15.1000003814697 15.1000003814697 15 15.1000003814697 15.1000003814697 15.1000003814697 15.1000003814697 15.1000003814697 15.1000003814697 15.1000003814697 15.1999998092651 15.3000001907349 15.3999996185303 15.3000001907349 15.3000001907349 15.3000001907349 15.3000001907349 15.3999996185303 15.3999996185303 15.3999996185303 15.5 15.3999996185303 15.3000001907349 15.3000001907349 15.3000001907349
-9999 -9999 -9999 -9999 10.5 12.1999998092651 11.3999996185303 11.6999998092651 12 12.6000003814697 11.6999998092651 10.8000001907349 11.8999996185303 12.1000003814697 10.8000001907349 9.30000019073486 9.39999961853027 9.19999980926513 10.3000001907349 11.1000003814697 12.3999996185303 12.8000001907349 12.6000003814697 12.6999998092651 12.3999996185303 14.5 14.8000001907349 14.8999996185303 14.6999998092651 14.8000001907349 14.6999998092651 14.6999998092651 14.8000001907349 14.8999996185303 14.8999996185303 14.8999996185303 15 15.1999998092651 15.1999998092651 15.3000001907349 15.3000001907349 15.1999998092651 15.1999998092651 15.1999998092651 15.3000001907349 15.1999998092651 15.1999998092651 15.1999998092651 15.1999998092651 15.3000001907349 15.3000001907349 15.5 15.3000001907349 15.3999996185303 15.3999996185303 15.3999996185303 15.3999996185303 15.3999996185303 15.5 15.3999996185303 15.3999996185303 15.3999996185303 15.5 15.6000003814697
-9999 -9999 -9999 -9999 10.1999998092651 11.6999998092651 11.6000003814697 10.8000001907349 11.1999998092651 11.5 12 11.5 11.3000001907349 11.8999996185303 11.8999996185303 10.6999998092651 9.39999961853027 9.69999980926513 11.5 12.1999998092651 12.6000003814697 12.5 12.8000001907349 13.1000003814697 13.6999998092651 14.3999996185303 14.8999996185303 15.1000003814697 15 14.8999996185303 14.8999996185303 14.8999996185303 15 15 15 14.8999996185303 15.1000003814697 15.1999998092651 15.3000001907349 15.3999996185303 15.3999996185303 15.3000001907349 15.1999998092651 15.3000001907349 15.3999996185303 15.3000001907349 15.3000001907349 15.3000001907349 15.5 15.3999996185303 15.6000003814697 15.6000003814697 15.5 15.6000003814697 15.3999996185303 15.3000001907349 15.3999996185303 15.5 15.5 15.5 15.6000003814697 15.6000003814697 15.6000003814697 15.6000003814697
13.1999998092651 12.5 12.1999998092651 11.6000003814697 11.3000001907349 12.1000003814697 11.8999996185303 10.8000001907349 10.3999996185303 10.3999996185303 12.1000003814697 12.6999998092651 11.6999998092651 10.5 10.8999996185303 10.8999996185303 11 11.6999998092651 12.3000001907349 12.5 12.3999996185303 12.1000003814697 12.6999998092651 13.1000003814697 13.6000003814697 15 15.1000003814697 15.1000003814697 15 15.1000003814697 15.1000003814697 15.1000003814697 15.1000003814697 15.1000003814697 15.1000003814697 15 15 15.3000001907349 15.3999996185303 15.5 15.5 15.3999996185303 15.3999996185303 15.3000001907349 15.3000001907349 15.3999996185303 15.3999996185303 15.5 15.6000003814697 15.6000003814697 15.6999998092651 15.8000001907349 15.8000001907349 15.8000001907349 15.6000003814697 15.5 15.6000003814697 15.5 15.6000003814697 15.6000003814697 15.6999998092651 15.8000001907349 15.8000001907349 15.8000001907349
13.1999998092651 13.1000003814697 13.1000003814697 12.8999996185303 12.8999996185303 11.8000001907349 11 10.6999998092651 10.5 10.6999998092651 12.1000003814697 12.5 11.6000003814697 10.1999998092651 10.6000003814697 10.8000001907349 11.5 12.5 12.5 12 -9999 -9999 -9999 -9999 -9999 -9999 -9999 -9999 -9999 -9999 -9999 -9999 -9999 -9999 -9999 -9999 -9999 -9999 -9999 -9999 15.6000003814697 15.6000003814697 15.5 15.3999996185303 15.3999996185303 15.3999996185303 15.5 15.5 15.6000003814697 15.8000001907349 15.8999996185303 16 16 15.8999996185303 15.8000001907349 15.6999998092651 15.6999998092651 15.6999998092651 15.6999998092651 15.6999998092651 15.8000001907349 15.6999998092651 15.8000001907349 15.8000001907349
12.6000003814697 12.8000001907349 13.1000003814697 13 13 12.6999998092651 12.8000001907349 12.1000003814697 11.1999998092651 10 10.6999998092651 12.3999996185303 10.8999996185303 11.1000003814697 11.6999998092651 11.6000003814697 13.5 -9999 -9999 -9999 -9999 -9999 -9999 -9999 -9999 -9999 -9999 -9999 -9999 -9999 -9999 -9999 -9999 -9999 -9999 -9999 -9999 -9999 -9999 -9999 -9999 15.6000003814697 15.5 15.3999996185303 15.3999996185303 15.3999996185303 15.5 15.5 15.6000003814697 15.8000001907349 16 16 16 16 15.8999996185303 15.8999996185303 15.8999996185303 15.8999996185303 15.8999996185303 15.8999996185303 15.8999996185303 15.8999996185303 15.8999996185303 15.8999996185303
-9999 -9999 -9999 -9999 -9999 -9999 -9999 -9999 -9999 -9999 -9999 -9999 -9999 -9999 -9999 -9999 -9999 -9999 -9999 -9999 -9999 -9999 -9999 -9999 -9999 -9999 -9999 -9999 -9999 -9999 -9999 -9999 -9999 -9999 -9999 -9999 -9999 -9999 -9999 -9999 -9999 -9999 15.6000003814697 15.5 15.3999996185303 15.5 15.5 15.6000003814697 15.8000001907349 15.8999996185303 15.8999996185303 16 15.8999996185303 16.1000003814697 16.1000003814697 16 16 16 15.8999996185303 16 16 16 16 16
-9999 -9999 -9999 -9999 -9999 -9999 -9999 -9999 -9999 -9999 -9999 -9999 -9999 -9999 -9999 -9999 -9999 -9999 -9999 -9999 -9999 -9999 -9999 -9999 -9999 -9999 -9999 -9999 -9999 -9999 -9999 -9999 -9999 -9999 -9999 -9999 -9999 -9999 -9999 -9999 -9999 -9999 -9999 15.5 15.3999996185303 15.3999996185303 15.5 15.6999998092651 15.8999996185303 15.8999996185303 15.8999996185303 16.1000003814697 16.2000007629395 16.2000007629395 16.2000007629395 16.1000003814697 16.1000003814697 16.2000007629395 16.1000003814697 16.1000003814697 16.1000003814697 16.1000003814697 16.1000003814697 16
-9999 -9999 -9999 -9999 -9999 -9999 -9999 -9999 -9999 -9999 -9999 -9999 -9999 -9999 -9999 -9999 -9999 -9999 -9999 -9999 -9999 -9999 -9999 -9999 -9999 -9999 -9999 -9999 -9999 -9999 -9999 -9999 -9999 -9999 -9999 -9999 -9999 -9999 -9999 -9999 -9999 -9999 -9999 -9999 15.3999996185303 15.3999996185303 15.5 15.6999998092651 15.8999996185303 15.8999996185303 15.8999996185303 16.1000003814697 16.2000007629395 16.2000007629395 16.2000007629395 16.1000003814697 16.2999992370605 16.2999992370605 16.2999992370605 16.2999992370605 16.2000007629395 16.1000003814697 16.1000003814697 16.1000003814697
-9999 -9999 -9999 -9999 -9999 -9999 -9999 -9999 -9999 -9999 -9999 -9999 -9999 -9999 -9999 -9999 -9999 -9999 -9999 -9999 -9999 -9999 -9999 -9999 -9999 -9999 -9999 -9999 -9999 -9999 -9999 -9999 -9999 -9999 -9999 -9999 -9999 -9999 -9999 -9999 -9999 -9999 -9999 -9999 -9999 -9999 -9999 -9999 -9999 -9999 -9999 -9999 -9999 -9999 -9999 -9999 -9999 16.5 16.3999996185303 16.2999992370605 16.2999992370605 16.2000007629395 16.2000007629395 16.1000003814697
-9999 -9999 -9999 -9999 -9999 -9999 -9999 -9999 -9999 -9999 -9999 -9999 -9999 -9999 -9999 -9999 -9999 -9999 -9999 -9999 -9999 -9999 -9999 -9999 -9999 -9999 -9999 -9999 -9999 -9999 -9999 -9999 -9999 -9999 -9999 -9999 -9999 -9999 -9999 -9999 -9999 -9999 -9999 -9999 -9999 -9999 -9999 -9999 -9999 -9999 -9999 -9999 -9999 -9999 -9999 -9999 -9999 16.5 16.3999996185303 16.3999996185303 16.3999996185303 16.2999992370605 16.2000007629395 16.2000007629395
-9999 -9999 -9999 -9999 -9999 -9999 -9999 -9999 -9999 -9999 -9999 -9999 -9999 -9999 -9999 -9999 -9999 -9999 -9999 -9999 -9999 -9999 -9999 -9999 -9999 -9999 -9999 -9999 -9999 -9999 -9999 -9999 -9999 -9999 -9999 -9999 -9999 -9999 -9999 -9999 -9999 -9999 -9999 -9999 -9999 -9999 -9999 -9999 -9999 -9999 -9999 -9999 -9999 -9999 -9999 -9999 -9999 -9999 -9999 16.3999996185303 16.3999996185303 16.3999996185303 16.2999992370605 16.2999992370605
-9999 -9999 -9999 -9999 -9999 -9999 -9999 -9999 -9999 -9999 -9999 -9999 -9999 -9999 -9999 -9999 -9999 -9999 -9999 -9999 -9999 -9999 -9999 -9999 -9999 -9999 -9999 -9999 -9999 -9999 -9999 -9999 -9999 -9999 -9999 -9999 -9999 -9999 -9999 -9999 -9999 -9999 -9999 -9999 -9999 -9999 -9999 -9999 -9999 -9999 -9999 -9999 -9999 -9999 -9999 -9999 -9999 -9999 -9999 -9999 -9999 16.3999996185303 16.3999996185303 16.2999992370605
-9999 -9999 -9999 -9999 -9999 -9999 -9999 -9999 -9999 -9999 -9999 -9999 -9999 -9999 -9999 -9999 -9999 -9999 -9999 -9999 -9999 -9999 -9999 -9999 -9999 -9999 -9999 -9999 -9999 -9999 -9999 -9999 -9999 -9999 -9999 -9999 -9999 -9999 -9999 -9999 -9999 -9999 -9999 -9999 -9999 -9999 -9999 -9999 -9999 -9999 -9999 -9999 -9999 -9999 -9999 -9999 -9999 -9999 -9999 -9999 -9999 -9999 16.5 16.3999996185303
-9999 -9999 -9999 -9999 -9999 -9999 -9999 -9999 -9999 -9999 -9999 -9999 -9999 -9999 -9999 -9999 -9999 -9999 -9999 -9999 -9999 -9999 -9999 -9999 -9999 -9999 -9999 -9999 -9999 -9999 -9999 -9999 -9999 -9999 -9999 -9999 -9999 -9999 -9999 -9999 -9999 -9999 -9999 -9999 -9999 -9999 -9999 -9999 -9999 -9999 -9999 -9999 -9999 -9999 -9999 -9999 -9999 -9999 -9999 -9999 -9999 -9999 -9999 16.5
