inst/extdata/resampled/bio_12_resample.asc
ncols         103
nrows         33
xllcorner     -84.3333283440
yllcorner     33.8333382270
cellsize      0.0833333377
nodata_value  -9999.0000000000
[rows 0 to 27 of 33, columns 0 to 62 of 103]
-9999 -9999 -9999 -9999 -9999 -9999 -9999 -9999 -9999 -9999 -9999 -9999 -9999 -9999 -9999 -9999 -9999 -9999 -9999 -9999 -9999 -9999 -9999 -9999 -9999 -9999 -9999 -9999 -9999 -9999 -9999 -9999 135.300003051758 129.399993896484 126.800003051758 123.599998474121 123.300003051758 121.099998474121 121.099998474121 119 119.599998474121 116 116.099998474121 116.199996948242 117.900001525879 121.199996948242 124.199996948242 123.900001525879 123.400001525879 122.900001525879 121.300003051758 118.900001525879 117.599998474121 116.199996948242 113.900001525879 112.599998474121 112.599998474121 111.800003051758 111.5 111.199996948242 111.300003051758 111 111.099998474121
-9999 -9999 -9999 -9999 -9999 -9999 -9999 -9999 -9999 -9999 -9999 -9999 -9999 -9999 -9999 -9999 -9999 -9999 -9999 -9999 -9999 -9999 -9999 -9999 -9999 -9999 -9999 -9999 -9999 -9999 -9999 -9999 134 132.699996948242 132 129.5 130 132.5 129.300003051758 125.099998474121 121.599998474121 117.300003051758 116.900001525879 117.599998474121 118.199996948242 120.900001525879 121.900001525879 121.800003051758 120.699996948242 120.900001525879 119.900001525879 118.099998474121 116 114.699996948242 112.599998474121 112.599998474121 112.599998474121 111.800003051758 111.5 111.199996948242 111.300003051758 111 111.099998474121
-9999 -9999 -9999 -9999 -9999 -9999 -9999 -9999 -9999 -9999 -9999 -9999 -9999 -9999 -9999 -9999 -9999 -9999 -9999 -9999 -9999 -9999 -9999 -9999 -9999 -9999 -9999 -9999 -9999 133.399993896484 136.5 139.300003051758 143.100006103516 141 136.800003051758 135 133.300003051758 128.899993896484 122.300003051758 121.599998474121 121.699996948242 119.099998474121 118.900001525879 118.699996948242 119.699996948242 119.199996948242 120.599998474121 121.400001525879 121.900001525879 119.599998474121 116.800003051758 115.099998474121 113.800003051758 113.199996948242 113.5 113.5 112.699996948242 112.199996948242 112.5 112 111.800003051758 112 112.099998474121
-9999 -9999 -9999 -9999 -9999 -9999 -9999 -9999 -9999 -9999 -9999 -9999 -9999 -9999 -9999 -9999 -9999 -9999 -9999 -9999 -9999 -9999 -9999 -9999 -9999 -9999 -9999 -9999 -9999 133.399993896484 136.5 146.300003051758 142.100006103516 140.300003051758 140.199996948242 135.300003051758 125.099998474121 124.599998474121 122.400001525879 121.300003051758 121.300003051758 120.400001525879 119.199996948242 118.800003051758 118.599998474121 118.199996948242 118.400001525879 118.800003051758 117.699996948242 115.900001525879 114.5 114.400001525879 114.699996948242 114.099998474121 113.5 113.099998474121 112.900001525879 112.900001525879 113 113.199996948242 113.099998474121 113.199996948242 113.199996948242
-9999 -9999 -9999 -9999 -9999 -9999 -9999 -9999 -9999 -9999 -9999 -9999 -9999 -9999 -9999 -9999 -9999 -9999 -9999 -9999 -9999 -9999 -9999 -9999 -9999 -9999 -9999 -9999 136.600006103516 144.800003051758 139.100006103516 144.699996948242 143.699996948242 136.800003051758 134.5 128.300003051758 125.699996948242 124.300003051758 123.400001525879 122.199996948242 121.400001525879 121 120.400001525879 119.199996948242 118.900001525879 117.800003051758 116.699996948242 117 116 115.099998474121 114.300003051758 114 113.800003051758 113.300003051758 113.199996948242 113.099998474121 113 112.800003051758 112.800003051758 113.099998474121 113.599998474121 114.199996948242 114.699996948242
-9999 -9999 -9999 -9999 -9999 -9999 -9999 -9999 -9999 -9999 -9999 -9999 -9999 -9999 -9999 -9999 -9999 -9999 -9999 -9999 -9999 -9999 -9999 -9999 136.899993896484 137.300003051758 -9999 139.600006103516 142.600006103516 148.199996948242 148.5 142.5 142.5 132.699996948242 128.699996948242 126.099998474121 124.599998474121 124.900001525879 125.599998474121 125.199996948242 124.199996948242 121.900001525879 120.300003051758 118.699996948242 117.199996948242 116.099998474121 115.400001525879 115.199996948242 114.599998474121 114.300003051758 114 113.800003051758 112.599998474121 112.800003051758 112.900001525879 113.300003051758 113.099998474121 113.300003051758 113.300003051758 113.199996948242 113.900001525879 114.900001525879 115.400001525879
-9999 -9999 -9999 -9999 -9999 -9999 -9999 -9999 -9999 -9999 -9999 -9999 -9999 -9999 -9999 -9999 -9999 -9999 -9999 -9999 131.800003051758 -9999 -9999 127.699996948242 128.300003051758 132.899993896484 139.800003051758 144.399993896484 145.199996948242 146 136.399993896484 130 130.100006103516 129.899993896484 126.800003051758 126 127.800003051758 128.300003051758 129.100006103516 126.699996948242 122.800003051758 121.199996948242 119.300003051758 118.400001525879 116.800003051758 115.199996948242 114.699996948242 114 113.400001525879 113.599998474121 113.400001525879 112.900001525879 112.099998474121 112.699996948242 112.900001525879 113.199996948242 113.199996948242 113.5 113.400001525879 113.5 114.5 115.800003051758 116.199996948242
-9999 -9999 -9999 -9999 -9999 -9999 -9999 -9999 -9999 -9999 -9999 -9999 -9999 -9999 -9999 -9999 -9999 -9999 -9999 115.300003051758 130 137.5 140.100006103516 129.5 132.5 134.399993896484 137.800003051758 143.100006103516 143.5 144.600006103516 134 128.699996948242 126.599998474121 126.400001525879 127.599998474121 128.800003051758 127.199996948242 125.099998474121 124.699996948242 123.5 121.800003051758 119.900001525879 118.699996948242 117.099998474121 116.300003051758 114.900001525879 114.099998474121 113.199996948242 113.599998474121 113.599998474121 113 113.199996948242 113 113 114 114.199996948242 114.300003051758 114.400001525879 114.900001525879 114.800003051758 114.900001525879 115.900001525879 116.300003051758
-9999 -9999 -9999 -9999 -9999 -9999 -9999 -9999 -9999 -9999 -9999 -9999 -9999 -9999 -9999 -9999 -9999 116.300003051758 112.300003051758 115.199996948242 119.699996948242 126.099998474121 126.099998474121 136 142 140.300003051758 142.699996948242 138.199996948242 137.600006103516 136.5 127.599998474121 125.400001525879 125.099998474121 125.5 126.699996948242 125.300003051758 125 123.5 123.099998474121 121.400001525879 119.400001525879 118.400001525879 117.099998474121 116 115.199996948242 114.599998474121 113.599998474121 113 113.699996948242 113.300003051758 113.400001525879 114.199996948242 113.400001525879 113.800003051758 114.300003051758 115.199996948242 115 116.099998474121 116.099998474121 115.800003051758 115.699996948242 115.800003051758 116.400001525879
-9999 -9999 -9999 -9999 -9999 -9999 -9999 -9999 -9999 -9999 -9999 -9999 -9999 169.899993896484 153.600006103516 128.600006103516 141.100006103516 124.5 122.300003051758 109.300003051758 110.300003051758 113.900001525879 123.900001525879 148.100006103516 159.300003051758 147.600006103516 140.699996948242 131 134.899993896484 128.300003051758 126.400001525879 125.300003051758 125.300003051758 125.300003051758 124.199996948242 123 122.800003051758 121.900001525879 120.800003051758 120.300003051758 119.099998474121 117.699996948242 116.599998474121 115.599998474121 114.400001525879 113.599998474121 113 113.199996948242 113.599998474121 113.699996948242 114.599998474121 113.699996948242 113.5 114.099998474121 114.900001525879 115.400001525879 115.800003051758 116.800003051758 117 117.199996948242 116.900001525879 116.400001525879 116.300003051758
-9999 -9999 -9999 -9999 -9999 -9999 -9999 -9999 -9999 -9999 -9999 173.100006103516 171.399993896484 169.899993896484 153.600006103516 128.600006103516 135.600006103516 141.300003051758 122.5 110.400001525879 109.800003051758 116.599998474121 138.100006103516 154.600006103516 159.899993896484 144.199996948242 134.800003051758 129.800003051758 130 128.5 127.599998474121 126.900001525879 129.100006103516 127.800003051758 124.599998474121 122.800003051758 122.199996948242 121.099998474121 119.800003051758 118.699996948242 118 117.199996948242 115.800003051758 114.900001525879 113.800003051758 113.300003051758 112.800003051758 113 113.599998474121 114.300003051758 114.900001525879 114.800003051758 113.699996948242 115 116.599998474121 115.800003051758 115.900001525879 117.099998474121 117.900001525879 117.800003051758 117 116.599998474121 116.099998474121
-9999 -9999 -9999 -9999 -9999 -9999 165 169.699996948242 173.600006103516 175.600006103516 172.300003051758 173.100006103516 171.399993896484 170.699996948242 153.5 142.5 130.600006103516 142.300003051758 132.300003051758 115.199996948242 113 118.400001525879 124.599998474121 131.600006103516 137.699996948242 129.199996948242 130.100006103516 132.300003051758 133.100006103516 131.100006103516 133.600006103516 139 133.300003051758 128 125.400001525879 123 120.699996948242 120.199996948242 120.400001525879 118.599998474121 116.800003051758 116.5 116 114.900001525879 114.300003051758 113.900001525879 114.099998474121 113.900001525879 114.099998474121 114.800003051758 115.599998474121 115.099998474121 114.699996948242 117.199996948242 117.400001525879 116.400001525879 116.300003051758 117.199996948242 117.699996948242 117.199996948242 116.599998474121 116.300003051758 116
-9999 -9999 -9999 -9999 -9999 -9999 165 169.699996948242 173.600006103516 175.600006103516 172.300003051758 166.100006103516 148.800003051758 167.800003051758 172.399993896484 147.899993896484 131.5 131.5 131.199996948242 119.599998474121 116.800003051758 117.5 128.300003051758 138.800003051758 139.800003051758 134.800003051758 134.300003051758 134 133.100006103516 133.199996948242 134.300003051758 134.199996948242 132 127.599998474121 125.5 122.900001525879 120.199996948242 120.099998474121 119.800003051758 117.800003051758 116.300003051758 115.699996948242 115.300003051758 115 114.900001525879 114.699996948242 115 115.099998474121 115.300003051758 115.699996948242 116.400001525879 116.599998474121 116.300003051758 117.900001525879 117.800003051758 116.900001525879 116.599998474121 117 117.300003051758 116.699996948242 116.099998474121 116.199996948242 115.900001525879
-9999 -9999 -9999 -9999 -9999 153.899993896484 154.600006103516 153 157.899993896484 150.399993896484 150.5 146.199996948242 147.100006103516 168.199996948242 179.100006103516 161.399993896484 156.300003051758 148 153.399993896484 144.600006103516 132.899993896484 122.400001525879 126.400001525879 142.899993896484 138.699996948242 135.300003051758 132.5 132.699996948242 132 131.300003051758 134.100006103516 130.699996948242 128 126.199996948242 124.699996948242 122.5 120.199996948242 119.599998474121 118.5 116.599998474121 115.800003051758 115.199996948242 114.599998474121 114.199996948242 114.400001525879 114.699996948242 115.300003051758 115.800003051758 116.199996948242 116.900001525879 117 116.800003051758 117.900001525879 117.900001525879 118.099998474121 117.5 117.099998474121 117.300003051758 116.900001525879 116.400001525879 117.300003051758 117.599998474121 117.699996948242
-9999 -9999 -9999 -9999 172.399993896484 156.199996948242 163 159.899993896484 156.5 148.699996948242 156.600006103516 168.199996948242 151.699996948242 147.5 167.399993896484 186.199996948242 184.300003051758 186.300003051758 173.899993896484 162.5 140.100006103516 132.600006103516 136.699996948242 136.399993896484 144 135.899993896484 134.699996948242 133.399993896484 133.399993896484 131.899993896484 131.899993896484 130.399993896484 128.399993896484 125.900001525879 124.599998474121 122.900001525879 121.400001525879 119.199996948242 118.099998474121 116.300003051758 115.300003051758 114.900001525879 114.5 113.699996948242 113.800003051758 114.599998474121 115.300003051758 116 116.900001525879 117.300003051758 117.599998474121 117.400001525879 119.099998474121 118 118.300003051758 118.199996948242 118.199996948242 118 117.300003051758 118 118.199996948242 118 117.599998474121
-9999 -9999 -9999 -9999 178 162.600006103516 164.199996948242 172.399993896484 169 164.699996948242 158.100006103516 164.5 168.5 159.5 161.399993896484 180.899993896484 193.100006103516 189.800003051758 171.100006103516 162.300003051758 153.5 151.800003051758 146.100006103516 144 143.399993896484 141.600006103516 137.899993896484 134.600006103516 133.800003051758 132.699996948242 130.600006103516 129.600006103516 127.699996948242 126 124 123.699996948242 121.699996948242 119.599998474121 117.900001525879 116.300003051758 115.300003051758 114.900001525879 114.5 113.900001525879 113.900001525879 114.400001525879 115.400001525879 116.800003051758 116.599998474121 117.5 117.599998474121 118.300003051758 118.5 118.400001525879 119.199996948242 119.599998474121 119.5 118.599998474121 118.699996948242 118.300003051758 118 118 118.099998474121
151.800003051758 156.600006103516 159.199996948242 165.300003051758 168.600006103516 161.399993896484 164.300003051758 177.399993896484 181.699996948242 182.5 162.199996948242 153.899993896484 170.600006103516 189.5 186.600006103516 189 191.199996948242 185.199996948242 178.699996948242 174.199996948242 171.899993896484 170.5 160.300003051758 153.199996948242 150 143.399993896484 139.300003051758 136.300003051758 134.5 131.800003051758 130.5 129.300003051758 127.400001525879 126.199996948242 124.599998474121 124.400001525879 123 120 118.699996948242 116.199996948242 115.599998474121 115.099998474121 114.400001525879 113.900001525879 114.900001525879 114.5 115.599998474121 116.300003051758 116.5 117.699996948242 117.400001525879 117.699996948242 117.699996948242 117.599998474121 118.900001525879 119.699996948242 119.300003051758 119.400001525879 119.099998474121 119 118.099998474121 117.800003051758 117.900001525879
151.800003051758 151.699996948242 151.399993896484 153.100006103516 153.5 165.800003051758 176.199996948242 180.899993896484 185.899993896484 184.699996948242 169.300003051758 165 180.800003051758 199.800003051758 200 200.800003051758 199 188 188.800003051758 190.699996948242 -9999 -9999 -9999 -9999 -9999 -9999 -9999 -9999 -9999 -9999 -9999 -9999 -9999 -9999 -9999 -9999 -9999 -9999 -9999 -9999 116.400001525879 115.199996948242 114.699996948242 115.199996948242 115.099998474121 115.599998474121 116.199996948242 116.699996948242 117 117.300003051758 117.599998474121 117.400001525879 117.199996948242 118 119.099998474121 119.800003051758 119.300003051758 119.300003051758 119.199996948242 119.400001525879 118.800003051758 119 118.699996948242
158.300003051758 155.800003051758 152.300003051758 152.800003051758 153.600006103516 158.899993896484 160.199996948242 169.5 182.100006103516 196.100006103516 191.5 175.699996948242 195.699996948242 198.100006103516 195.600006103516 200.100006103516 174.899993896484 -9999 -9999 -9999 -9999 -9999 -9999 -9999 -9999 -9999 -9999 -9999 -9999 -9999 -9999 -9999 -9999 -9999 -9999 -9999 -9999 -9999 -9999 -9999 -9999 116.5 116.199996948242 116.300003051758 116.300003051758 116.400001525879 116.599998474121 117.599998474121 118 117.699996948242 117.300003051758 117.599998474121 118.199996948242 118.400001525879 119.300003051758 119.099998474121 119.199996948242 119.199996948242 118.699996948242 119.199996948242 118.699996948242 118.699996948242 118.699996948242
-9999 -9999 -9999 -9999 -9999 -9999 -9999 -9999 -9999 -9999 -9999 -9999 -9999 -9999 -9999 -9999 -9999 -9999 -9999 -9999 -9999 -9999 -9999 -9999 -9999 -9999 -9999 -9999 -9999 -9999 -9999 -9999 -9999 -9999 -9999 -9999 -9999 -9999 -9999 -9999 -9999 -9999 116.900001525879 116.900001525879 117.300003051758 117.599998474121 118.199996948242 118.199996948242 117.5 117.5 118.400001525879 118.900001525879 119.5 118.5 118.699996948242 119.400001525879 119.800003051758 119.599998474121 119.400001525879 118.900001525879 118.699996948242 118.800003051758 118.5
-9999 -9999 -9999 -9999 -9999 -9999 -9999 -9999 -9999 -9999 -9999 -9999 -9999 -9999 -9999 -9999 -9999 -9999 -9999 -9999 -9999 -9999 -9999 -9999 -9999 -9999 -9999 -9999 -9999 -9999 -9999 -9999 -9999 -9999 -9999 -9999 -9999 -9999 -9999 -9999 -9999 -9999 -9999 117.900001525879 118.400001525879 118.699996948242 118.599998474121 118.099998474121 117.599998474121 118 119.099998474121 118.699996948242 118.599998474121 118.400001525879 119.199996948242 119.699996948242 119.699996948242 119 118.800003051758 118.900001525879 118.699996948242 118.699996948242 119
-9999 -9999 -9999 -9999 -9999 -9999 -9999 -9999 -9999 -9999 -9999 -9999 -9999 -9999 -9999 -9999 -9999 -9999 -9999 -9999 -9999 -9999 -9999 -9999 -9999 -9999 -9999 -9999 -9999 -9999 -9999 -9999 -9999 -9999 -9999 -9999 -9999 -9999 -9999 -9999 -9999 -9999 -9999 -9999 118.400001525879 118.699996948242 118.599998474121 118.099998474121 117.599998474121 118 119.099998474121 118.699996948242 118.599998474121 118.400001525879 119.199996948242 119.699996948242 118.599998474121 118.300003051758 118.900001525879 118.900001525879 118.699996948242 118.800003051758 119.199996948242
-9999 -9999 -9999 -9999 -9999 -9999 -9999 -9999 -9999 -9999 -9999 -9999 -9999 -9999 -9999 -9999 -9999 -9999 -9999 -9999 -9999 -9999 -9999 -9999 -9999 -9999 -9999 -9999 -9999 -9999 -9999 -9999 -9999 -9999 -9999 -9999 -9999 -9999 -9999 -9999 -9999 -9999 -9999 -9999 -9999 -9999 -9999 -9999 -9999 -9999 -9999 -9999 -9999 -9999 -9999 -9999 -9999 117.300003051758 118.199996948242 118.599998474121 118.699996948242 119 119.300003051758
-9999 -9999 -9999 -9999 -9999 -9999 -9999 -9999 -9999 -9999 -9999 -9999 -9999 -9999 -9999 -9999 -9999 -9999 -9999 -9999 -9999 -9999 -9999 -9999 -9999 -9999 -9999 -9999 -9999 -9999 -9999 -9999 -9999 -9999 -9999 -9999 -9999 -9999 -9999 -9999 -9999 -9999 -9999 -9999 -9999 -9999 -9999 -9999 -9999 -9999 -9999 -9999 -9999 -9999 -9999 -9999 -9999 117.300003051758 118.199996948242 118.300003051758 118.599998474121 119 119.599998474121
-9999 -9999 -9999 -9999 -9999 -9999 -9999 -9999 -9999 -9999 -9999 -9999 -9999 -9999 -9999 -9999 -9999 -9999 -9999 -9999 -9999 -9999 -9999 -9999 -9999 -9999 -9999 -9999 -9999 -9999 -9999 -9999 -9999 -9999 -9999 -9999 -9999 -9999 -9999 -9999 -9999 -9999 -9999 -9999 -9999 -9999 -9999 -9999 -9999 -9999 -9999 -9999 -9999 -9999 -9999 -9999 -9999 -9999 -9999 118.300003051758 118.5 119.300003051758 120.099998474121
-9999 -9999 -9999 -9999 -9999 -9999 -9999 -9999 -9999 -9999 -9999 -9999 -9999 -9999 -9999 -9999 -9999 -9999 -9999 -9999 -9999 -9999 -9999 -9999 -9999 -9999 -9999 -9999 -9999 -9999 -9999 -9999 -9999 -9999 -9999 -9999 -9999 -9999 -9999 -9999 -9999 -9999 -9999 -9999 -9999 -9999 -9999 -9999 -9999 -9999 -9999 -9999 -9999 -9999 -9999 -9999 -9999 -9999 -9999 -9999 -9999 119.900001525879 120.699996948242
-9999 -9999 -9999 -9999 -9999 -9999 -9999 -9999 -9999 -9999 -9999 -9999 -9999 -9999 -9999 -9999 -9999 -9999 -9999 -9999 -9999 -9999 -9999 -9999 -9999 -9999 -9999 -9999 -9999 -9999 -9999 -9999 -9999 -9999 -9999 -9999 -9999 -9999 -9999 -9999 -9999 -9999 -9999 -9999 -9999 -9999 -9999 -9999 -9999 -9999 -9999 -9999 -9999 -9999 -9999 -9999 -9999 -9999 -9999 -9999 -9999 -9999 121.699996948242
-9999 -9999 -9999 -9999 -9999 -9999 -9999 -9999 -9999 -9999 -9999 -9999 -9999 -9999 -9999 -9999 -9999 -9999 -9999 -9999 -9999 -9999 -9999 -9999 -9999 -9999 -9999 -9999 -9999 -9999 -9999 -9999 -9999 -9999 -9999 -9999 -9999 -9999 -9999 -9999 -9999 -9999 -9999 -9999 -9999 -9999 -9999 -9999 -9999 -9999 -9999 -9999 -9999 -9999 -9999 -9999 -9999 -9999 -9999 -9999 -9999 -9999 -9999
